Dado,Label,Predição,Avaliação
41,correto,P-correto,VN
42,correto,P-incorreto,FN
42,correto,P-incorreto,FN
33,incorreto,P-incorreto,VP
42,correto,P-incorreto,FN
42,correto,P-incorreto,FN
42,correto,P-incorreto,FN
43,incorreto,P-correto,FP
43,correto,P-correto,VN
42,correto,P-incorreto,FN
43,correto,P-correto,VN
42,correto,P-incorreto,FN
42,correto,P-incorreto,FN
42,correto,P-incorreto,FN
42,correto,P-incorreto,FN
42,correto,P-incorreto,FN
42,correto,P-incorreto,FN
43,correto,P-correto,VN
45,incorreto,P-incorreto,VP
42,correto,P-incorreto,FN
42,correto,P-incorreto,FN
42,correto,P-incorreto,FN
42,correto,P-incorreto,FN
41,correto,P-correto,VN
47,incorreto,P-incorreto,VP
41,correto,P-correto,VN
42,correto,P-incorreto,FN
42,correto,P-incorreto,FN
42,correto,P-incorreto,FN
42,correto,P-incorreto,FN
42,correto,P-incorreto,FN
42,correto,P-incorreto,FN
42,correto,P-incorreto,FN
41,correto,P-correto,VN
41,correto,P-correto,VN
42,correto,P-incorreto,FN
43,correto,P-correto,VN
42,correto,P-incorreto,FN
43,correto,P-correto,VN
43,correto,P-correto,VN
42,correto,P-incorreto,FN
41,correto,P-correto,VN
42,correto,P-incorreto,FN
43,correto,P-correto,VN
42,correto,P-incorreto,FN
24,incorreto,P-incorreto,VP
42,correto,P-incorreto,FN
42,correto,P-incorreto,FN
43,correto,P-correto,VN
41,correto,P-correto,VN
42,correto,P-incorreto,FN
42,correto,P-incorreto,FN
46,incorreto,P-incorreto,VP
42,correto,P-incorreto,FN
42,correto,P-incorreto,FN
43,correto,P-correto,VN
42,correto,P-incorreto,FN
42,correto,P-incorreto,FN
42,correto,P-incorreto,FN
42,correto,P-incorreto,FN
42,correto,P-incorreto,FN
42,correto,P-incorreto,FN
43,correto,P-correto,VN
43,correto,P-correto,VN
42,correto,P-incorreto,FN
42,correto,P-incorreto,FN
42,correto,P-incorreto,FN
42,correto,P-incorreto,FN
42,correto,P-incorreto,FN
42,correto,P-incorreto,FN
42,correto,P-incorreto,FN
39,incorreto,P-incorreto,VP
43,correto,P-correto,VN
42,correto,P-incorreto,FN
41,correto,P-correto,VN
42,correto,P-incorreto,FN
42,correto,P-incorreto,FN
42,correto,P-incorreto,FN
43,correto,P-correto,VN
42,correto,P-incorreto,FN
41,correto,P-correto,VN
42,correto,P-incorreto,FN
41,correto,P-correto,VN
43,correto,P-correto,VN
42,correto,P-incorreto,FN
42,correto,P-incorreto,FN
42,correto,P-incorreto,FN
42,correto,P-incorreto,FN
31,incorreto,P-incorreto,VP
42,correto,P-incorreto,FN
42,correto,P-incorreto,FN
51,incorreto,P-incorreto,VP
42,correto,P-incorreto,FN
42,correto,P-incorreto,FN
43,correto,P-correto,VN
42,correto,P-incorreto,FN
43,correto,P-correto,VN
42,correto,P-incorreto,FN
41,correto,P-correto,VN
43,correto,P-correto,VN
41,correto,P-correto,VN
42,correto,P-incorreto,FN
42,correto,P-incorreto,FN
54,incorreto,P-incorreto,VP
23,incorreto,P-incorreto,VP
42,correto,P-incorreto,FN
42,correto,P-incorreto,FN
41,correto,P-correto,VN
42,correto,P-incorreto,FN
41,correto,P-correto,VN
43,correto,P-correto,VN
42,correto,P-incorreto,FN
41,correto,P-correto,VN
41,correto,P-correto,VN
42,correto,P-incorreto,FN
42,correto,P-incorreto,FN
42,correto,P-incorreto,FN
42,correto,P-incorreto,FN
42,correto,P-incorreto,FN
41,correto,P-correto,VN
32,incorreto,P-incorreto,VP
43,correto,P-correto,VN
42,correto,P-incorreto,FN
42,correto,P-incorreto,FN
42,correto,P-incorreto,FN
42,correto,P-incorreto,FN
42,correto,P-incorreto,FN
26,incorreto,P-incorreto,VP
42,correto,P-incorreto,FN
59,incorreto,P-incorreto,VP
41,correto,P-correto,VN
41,correto,P-correto,VN
41,correto,P-correto,VN
42,correto,P-incorreto,FN
41,correto,P-correto,VN
42,correto,P-incorreto,FN
43,correto,P-correto,VN
42,correto,P-incorreto,FN
32,incorreto,P-incorreto,VP
43,correto,P-correto,VN
42,correto,P-incorreto,FN
41,correto,P-correto,VN
42,correto,P-incorreto,FN
42,correto,P-incorreto,FN
42,correto,P-incorreto,FN
42,correto,P-incorreto,FN
41,correto,P-correto,VN
42,correto,P-incorreto,FN
42,correto,P-incorreto,FN
42,correto,P-incorreto,FN
32,incorreto,P-incorreto,VP
42,correto,P-incorreto,FN
41,correto,P-correto,VN
42,correto,P-incorreto,FN
42,correto,P-incorreto,FN
38,incorreto,P-incorreto,VP
41,correto,P-correto,VN
51,incorreto,P-incorreto,VP
41,correto,P-correto,VN
42,correto,P-incorreto,FN
43,correto,P-correto,VN
43,correto,P-correto,VN
41,correto,P-correto,VN
42,correto,P-incorreto,FN
43,correto,P-correto,VN
42,correto,P-incorreto,FN
43,correto,P-correto,VN
42,correto,P-incorreto,FN
48,incorreto,P-incorreto,VP
39,incorreto,P-incorreto,VP
41,correto,P-correto,VN
43,correto,P-correto,VN
42,correto,P-incorreto,FN
42,correto,P-incorreto,FN
42,correto,P-incorreto,FN
42,correto,P-incorreto,FN
42,correto,P-incorreto,FN
42,correto,P-incorreto,FN
42,correto,P-incorreto,FN
42,correto,P-incorreto,FN
42,correto,P-incorreto,FN
43,correto,P-correto,VN
42,correto,P-incorreto,FN
43,correto,P-correto,VN
73,incorreto,P-incorreto,VP
42,correto,P-incorreto,FN
41,correto,P-correto,VN
41,correto,P-correto,VN
42,correto,P-incorreto,FN
42,correto,P-incorreto,FN
49,incorreto,P-incorreto,VP
42,correto,P-incorreto,FN
42,correto,P-incorreto,FN
33,incorreto,P-incorreto,VP
42,correto,P-incorreto,FN
42,correto,P-incorreto,FN
41,correto,P-correto,VN
41,correto,P-correto,VN
42,correto,P-incorreto,FN
41,correto,P-correto,VN
42,correto,P-incorreto,FN
42,correto,P-incorreto,FN
43,correto,P-correto,VN
42,correto,P-incorreto,FN
43,correto,P-correto,VN
43,correto,P-correto,VN
41,correto,P-correto,VN
42,correto,P-incorreto,FN
42,correto,P-incorreto,FN
42,correto,P-incorreto,FN
42,correto,P-incorreto,FN
42,correto,P-incorreto,FN
42,correto,P-incorreto,FN
42,correto,P-incorreto,FN
42,correto,P-incorreto,FN
43,correto,P-correto,VN
45,incorreto,P-incorreto,VP
41,correto,P-correto,VN
43,correto,P-correto,VN
43,correto,P-correto,VN
42,correto,P-incorreto,FN
42,correto,P-incorreto,FN
42,correto,P-incorreto,FN
42,correto,P-incorreto,FN
42,correto,P-incorreto,FN
42,correto,P-incorreto,FN
42,correto,P-incorreto,FN
41,correto,P-correto,VN
42,correto,P-incorreto,FN
42,incorreto,P-incorreto,VP
42,correto,P-incorreto,FN
41,correto,P-correto,VN
42,correto,P-incorreto,FN
48,incorreto,P-incorreto,VP
42,correto,P-incorreto,FN
54,incorreto,P-incorreto,VP
42,correto,P-incorreto,FN
41,correto,P-correto,VN
42,correto,P-incorreto,FN
41,correto,P-correto,VN
42,correto,P-incorreto,FN
41,correto,P-correto,VN
41,correto,P-correto,VN
42,correto,P-incorreto,FN
42,correto,P-incorreto,FN
42,correto,P-incorreto,FN
42,correto,P-incorreto,FN
42,correto,P-incorreto,FN
42,correto,P-incorreto,FN
42,correto,P-incorreto,FN
42,correto,P-incorreto,FN
39,incorreto,P-incorreto,VP
41,correto,P-correto,VN
41,correto,P-correto,VN
43,correto,P-correto,VN
42,correto,P-incorreto,FN
42,correto,P-incorreto,FN
42,correto,P-incorreto,FN
41,correto,P-correto,VN
42,correto,P-incorreto,FN
42,correto,P-incorreto,FN
42,correto,P-incorreto,FN
42,correto,P-incorreto,FN
24,incorreto,P-incorreto,VP
48,incorreto,P-incorreto,VP
42,correto,P-incorreto,FN
42,correto,P-incorreto,FN
43,correto,P-correto,VN
43,correto,P-correto,VN
42,correto,P-incorreto,FN
42,correto,P-incorreto,FN
42,correto,P-incorreto,FN
50,incorreto,P-incorreto,VP
42,correto,P-incorreto,FN
42,correto,P-incorreto,FN
42,correto,P-incorreto,FN
42,correto,P-incorreto,FN
42,correto,P-incorreto,FN
42,correto,P-incorreto,FN
42,correto,P-incorreto,FN
42,correto,P-incorreto,FN
42,correto,P-incorreto,FN
42,incorreto,P-incorreto,VP
42,correto,P-incorreto,FN
42,correto,P-incorreto,FN
42,correto,P-incorreto,FN
42,correto,P-incorreto,FN
42,correto,P-incorreto,FN
59,incorreto,P-incorreto,VP
43,correto,P-correto,VN
42,correto,P-incorreto,FN
43,correto,P-correto,VN
42,correto,P-incorreto,FN
42,correto,P-incorreto,FN
29,incorreto,P-incorreto,VP
42,correto,P-incorreto,FN
42,correto,P-incorreto,FN
41,correto,P-correto,VN
42,correto,P-incorreto,FN
42,correto,P-incorreto,FN
42,correto,P-incorreto,FN
49,incorreto,P-incorreto,VP
39,incorreto,P-incorreto,VP
42,correto,P-incorreto,FN
42,correto,P-incorreto,FN
42,correto,P-incorreto,FN
41,correto,P-correto,VN
49,incorreto,P-incorreto,VP
42,correto,P-incorreto,FN
43,correto,P-correto,VN
42,correto,P-incorreto,FN
42,correto,P-incorreto,FN
42,correto,P-incorreto,FN
42,correto,P-incorreto,FN
42,correto,P-incorreto,FN
42,correto,P-incorreto,FN
46,incorreto,P-incorreto,VP
42,correto,P-incorreto,FN
42,correto,P-incorreto,FN
43,correto,P-correto,VN
42,correto,P-incorreto,FN
42,correto,P-incorreto,FN
43,correto,P-correto,VN
42,correto,P-incorreto,FN
42,correto,P-incorreto,FN
42,correto,P-incorreto,FN
42,correto,P-incorreto,FN
41,correto,P-correto,VN
42,correto,P-incorreto,FN
41,correto,P-correto,VN
42,correto,P-incorreto,FN
42,correto,P-incorreto,FN
42,correto,P-incorreto,FN
42,correto,P-incorreto,FN
44,incorreto,P-correto,FP
37,incorreto,P-incorreto,VP
42,correto,P-incorreto,FN
42,correto,P-incorreto,FN
43,correto,P-correto,VN
37,incorreto,P-incorreto,VP
45,incorreto,P-incorreto,VP
42,correto,P-incorreto,FN
32,incorreto,P-incorreto,VP
41,incorreto,P-correto,FP
42,incorreto,P-incorreto,VP
41,correto,P-correto,VN
42,correto,P-incorreto,FN
42,correto,P-incorreto,FN
43,correto,P-correto,VN
41,correto,P-correto,VN
42,correto,P-incorreto,FN
41,correto,P-correto,VN
42,correto,P-incorreto,FN
42,correto,P-incorreto,FN
43,correto,P-correto,VN
43,correto,P-correto,VN
42,correto,P-incorreto,FN
30,incorreto,P-incorreto,VP
43,correto,P-correto,VN
42,correto,P-incorreto,FN
39,incorreto,P-incorreto,VP
43,correto,P-correto,VN
43,correto,P-correto,VN
42,correto,P-incorreto,FN
42,correto,P-incorreto,FN
42,correto,P-incorreto,FN
42,correto,P-incorreto,FN
42,correto,P-incorreto,FN
41,correto,P-correto,VN
42,correto,P-incorreto,FN
42,correto,P-incorreto,FN
41,correto,P-correto,VN
42,correto,P-incorreto,FN
42,correto,P-incorreto,FN
27,incorreto,P-incorreto,VP
41,correto,P-correto,VN
43,correto,P-correto,VN
41,correto,P-correto,VN
41,correto,P-correto,VN
41,correto,P-correto,VN
42,correto,P-incorreto,FN
49,incorreto,P-incorreto,VP
42,correto,P-incorreto,FN
50,incorreto,P-incorreto,VP
42,correto,P-incorreto,FN
42,correto,P-incorreto,FN
46,incorreto,P-incorreto,VP
43,correto,P-correto,VN
42,correto,P-incorreto,FN
41,correto,P-correto,VN
37,incorreto,P-incorreto,VP
42,correto,P-incorreto,FN
42,correto,P-incorreto,FN
56,incorreto,P-incorreto,VP
42,correto,P-incorreto,FN
42,correto,P-incorreto,FN
42,correto,P-incorreto,FN
42,correto,P-incorreto,FN
41,correto,P-correto,VN
42,correto,P-incorreto,FN
41,correto,P-correto,VN
42,correto,P-incorreto,FN
42,correto,P-incorreto,FN
42,correto,P-incorreto,FN
43,correto,P-correto,VN
42,correto,P-incorreto,FN
42,correto,P-incorreto,FN
42,correto,P-incorreto,FN
42,correto,P-incorreto,FN
42,correto,P-incorreto,FN
41,correto,P-correto,VN
42,correto,P-incorreto,FN
41,correto,P-correto,VN
42,correto,P-incorreto,FN
41,correto,P-correto,VN
42,correto,P-incorreto,FN
41,correto,P-correto,VN
43,correto,P-correto,VN
42,correto,P-incorreto,FN
42,correto,P-incorreto,FN
42,correto,P-incorreto,FN
42,correto,P-incorreto,FN
42,correto,P-incorreto,FN
42,correto,P-incorreto,FN
42,correto,P-incorreto,FN
42,correto,P-incorreto,FN
42,correto,P-incorreto,FN
41,correto,P-correto,VN
42,correto,P-incorreto,FN
41,correto,P-correto,VN
42,correto,P-incorreto,FN
42,correto,P-incorreto,FN
42,correto,P-incorreto,FN
42,correto,P-incorreto,FN
41,correto,P-correto,VN
27,incorreto,P-incorreto,VP
42,correto,P-incorreto,FN
42,correto,P-incorreto,FN
42,correto,P-incorreto,FN
42,correto,P-incorreto,FN
42,correto,P-incorreto,FN
42,correto,P-incorreto,FN
42,correto,P-incorreto,FN
42,correto,P-incorreto,FN
43,correto,P-correto,VN
39,incorreto,P-incorreto,VP
41,correto,P-correto,VN
42,correto,P-incorreto,FN
41,correto,P-correto,VN
42,correto,P-incorreto,FN
28,incorreto,P-incorreto,VP
58,incorreto,P-incorreto,VP
43,correto,P-correto,VN
42,correto,P-incorreto,FN
43,correto,P-correto,VN
40,incorreto,P-incorreto,VP
40,correto,P-incorreto,FN
42,correto,P-incorreto,FN
42,correto,P-incorreto,FN
42,correto,P-incorreto,FN
42,correto,P-incorreto,FN
42,correto,P-incorreto,FN
41,correto,P-correto,VN
42,correto,P-incorreto,FN
42,correto,P-incorreto,FN
42,correto,P-incorreto,FN
41,correto,P-correto,VN
69,incorreto,P-incorreto,VP
42,correto,P-incorreto,FN
42,correto,P-incorreto,FN
42,correto,P-incorreto,FN
42,correto,P-incorreto,FN
42,correto,P-incorreto,FN
42,correto,P-incorreto,FN
42,correto,P-incorreto,FN
42,correto,P-incorreto,FN
43,correto,P-correto,VN
42,correto,P-incorreto,FN
43,correto,P-correto,VN
39,incorreto,P-incorreto,VP
41,correto,P-correto,VN
41,correto,P-correto,VN
43,correto,P-correto,VN
36,incorreto,P-incorreto,VP
42,correto,P-incorreto,FN
42,correto,P-incorreto,FN
33,incorreto,P-incorreto,VP
42,correto,P-incorreto,FN
42,correto,P-incorreto,FN
27,incorreto,P-incorreto,VP
43,correto,P-correto,VN
42,correto,P-incorreto,FN
41,correto,P-correto,VN
32,incorreto,P-incorreto,VP
42,correto,P-incorreto,FN
43,correto,P-correto,VN
41,correto,P-correto,VN
42,correto,P-incorreto,FN
42,correto,P-incorreto,FN
42,correto,P-incorreto,FN
43,correto,P-correto,VN
42,correto,P-incorreto,FN
42,correto,P-incorreto,FN
42,correto,P-incorreto,FN
42,correto,P-incorreto,FN
42,correto,P-incorreto,FN
42,correto,P-incorreto,FN
42,correto,P-incorreto,FN
42,correto,P-incorreto,FN
18,incorreto,P-incorreto,VP
42,correto,P-incorreto,FN
42,correto,P-incorreto,FN
41,correto,P-correto,VN
42,correto,P-incorreto,FN
43,correto,P-correto,VN
42,correto,P-incorreto,FN
42,correto,P-incorreto,FN
41,correto,P-correto,VN
42,correto,P-incorreto,FN
42,correto,P-incorreto,FN
42,correto,P-incorreto,FN
42,correto,P-incorreto,FN
42,correto,P-incorreto,FN
42,correto,P-incorreto,FN
42,correto,P-incorreto,FN
42,correto,P-incorreto,FN
42,correto,P-incorreto,FN
42,correto,P-incorreto,FN
42,correto,P-incorreto,FN
42,correto,P-incorreto,FN
42,correto,P-incorreto,FN
41,correto,P-correto,VN
43,correto,P-correto,VN
42,correto,P-incorreto,FN
42,correto,P-incorreto,FN
42,correto,P-incorreto,FN
42,correto,P-incorreto,FN
41,correto,P-correto,VN
25,incorreto,P-incorreto,VP
42,correto,P-incorreto,FN
42,correto,P-incorreto,FN
42,correto,P-incorreto,FN
41,correto,P-correto,VN
41,correto,P-correto,VN
42,correto,P-incorreto,FN
42,correto,P-incorreto,FN
43,correto,P-correto,VN
42,correto,P-incorreto,FN
42,correto,P-incorreto,FN
42,correto,P-incorreto,FN
43,correto,P-correto,VN
42,correto,P-incorreto,FN
42,correto,P-incorreto,FN
42,correto,P-incorreto,FN
38,incorreto,P-incorreto,VP
42,correto,P-incorreto,FN
43,correto,P-correto,VN
43,incorreto,P-correto,FP
41,correto,P-correto,VN
42,correto,P-incorreto,FN
42,correto,P-incorreto,FN
41,correto,P-correto,VN
42,correto,P-incorreto,FN
41,correto,P-correto,VN
36,incorreto,P-incorreto,VP
42,correto,P-incorreto,FN
41,correto,P-correto,VN
43,correto,P-correto,VN
42,correto,P-incorreto,FN
42,correto,P-incorreto,FN
42,correto,P-incorreto,FN
42,correto,P-incorreto,FN
42,correto,P-incorreto,FN
42,correto,P-incorreto,FN
43,correto,P-correto,VN
42,correto,P-incorreto,FN
42,correto,P-incorreto,FN
42,correto,P-incorreto,FN
42,correto,P-incorreto,FN
75,incorreto,P-incorreto,VP
42,correto,P-incorreto,FN
42,correto,P-incorreto,FN
42,correto,P-incorreto,FN
42,correto,P-incorreto,FN
34,incorreto,P-incorreto,VP
42,correto,P-incorreto,FN
42,correto,P-incorreto,FN
42,correto,P-incorreto,FN
42,correto,P-incorreto,FN
43,correto,P-correto,VN
42,correto,P-incorreto,FN
42,correto,P-incorreto,FN
43,correto,P-correto,VN
33,incorreto,P-incorreto,VP
42,correto,P-incorreto,FN
31,incorreto,P-incorreto,VP
42,correto,P-incorreto,FN
42,correto,P-incorreto,FN
42,correto,P-incorreto,FN
42,correto,P-incorreto,FN
42,correto,P-incorreto,FN
41,correto,P-correto,VN
42,correto,P-incorreto,FN
42,correto,P-incorreto,FN
42,correto,P-incorreto,FN
43,correto,P-correto,VN
42,correto,P-incorreto,FN
42,correto,P-incorreto,FN
34,incorreto,P-incorreto,VP
43,correto,P-correto,VN
42,correto,P-incorreto,FN
43,correto,P-correto,VN
42,correto,P-incorreto,FN
42,correto,P-incorreto,FN
43,correto,P-correto,VN
41,correto,P-correto,VN
41,correto,P-correto,VN
42,correto,P-incorreto,FN
41,correto,P-correto,VN
42,correto,P-incorreto,FN
42,correto,P-incorreto,FN
43,correto,P-correto,VN
42,correto,P-incorreto,FN
42,correto,P-incorreto,FN
42,correto,P-incorreto,FN
42,correto,P-incorreto,FN
41,correto,P-correto,VN
42,correto,P-incorreto,FN
42,correto,P-incorreto,FN
41,correto,P-correto,VN
42,correto,P-incorreto,FN
40,correto,P-incorreto,FN
42,correto,P-incorreto,FN
42,correto,P-incorreto,FN
43,correto,P-correto,VN
42,correto,P-incorreto,FN
42,correto,P-incorreto,FN
27,incorreto,P-incorreto,VP
42,correto,P-incorreto,FN
42,correto,P-incorreto,FN
42,correto,P-incorreto,FN
42,correto,P-incorreto,FN
42,correto,P-incorreto,FN
41,correto,P-correto,VN
42,correto,P-incorreto,FN
51,incorreto,P-incorreto,VP
43,correto,P-correto,VN
41,correto,P-correto,VN
42,correto,P-incorreto,FN
42,correto,P-incorreto,FN
42,correto,P-incorreto,FN
42,correto,P-incorreto,FN
41,correto,P-correto,VN
42,correto,P-incorreto,FN
42,correto,P-incorreto,FN
41,correto,P-correto,VN
43,correto,P-correto,VN
42,correto,P-incorreto,FN
42,correto,P-incorreto,FN
42,correto,P-incorreto,FN
43,correto,P-correto,VN
41,correto,P-correto,VN
42,correto,P-incorreto,FN
42,correto,P-incorreto,FN
41,correto,P-correto,VN
42,correto,P-incorreto,FN
42,correto,P-incorreto,FN
42,correto,P-incorreto,FN
41,correto,P-correto,VN
42,correto,P-incorreto,FN
42,correto,P-incorreto,FN
42,correto,P-incorreto,FN
42,correto,P-incorreto,FN
41,correto,P-correto,VN
41,correto,P-correto,VN
43,correto,P-correto,VN
42,correto,P-incorreto,FN
43,correto,P-correto,VN
43,correto,P-correto,VN
42,correto,P-incorreto,FN
42,correto,P-incorreto,FN
42,correto,P-incorreto,FN
41,correto,P-correto,VN
42,correto,P-incorreto,FN
41,correto,P-correto,VN
42,correto,P-incorreto,FN
42,correto,P-incorreto,FN
42,correto,P-incorreto,FN
42,correto,P-incorreto,FN
43,correto,P-correto,VN
42,correto,P-incorreto,FN
42,correto,P-incorreto,FN
43,correto,P-correto,VN
41,correto,P-correto,VN
42,correto,P-incorreto,FN
41,correto,P-correto,VN
43,correto,P-correto,VN
43,correto,P-correto,VN
42,correto,P-incorreto,FN
42,correto,P-incorreto,FN
42,correto,P-incorreto,FN
42,correto,P-incorreto,FN
42,correto,P-incorreto,FN
42,correto,P-incorreto,FN
41,correto,P-correto,VN
41,correto,P-correto,VN
42,correto,P-incorreto,FN
38,incorreto,P-incorreto,VP
42,correto,P-incorreto,FN
42,correto,P-incorreto,FN
42,correto,P-incorreto,FN
42,correto,P-incorreto,FN
42,correto,P-incorreto,FN
41,correto,P-correto,VN
41,correto,P-correto,VN
41,correto,P-correto,VN
49,incorreto,P-incorreto,VP
43,correto,P-correto,VN
42,correto,P-incorreto,FN
42,correto,P-incorreto,FN
41,correto,P-correto,VN
42,correto,P-incorreto,FN
42,correto,P-incorreto,FN
41,correto,P-correto,VN
41,correto,P-correto,VN
42,correto,P-incorreto,FN
42,correto,P-incorreto,FN
42,correto,P-incorreto,FN
43,correto,P-correto,VN
42,correto,P-incorreto,FN
43,correto,P-correto,VN
42,correto,P-incorreto,FN
41,correto,P-correto,VN
42,correto,P-incorreto,FN
42,correto,P-incorreto,FN
42,correto,P-incorreto,FN
41,correto,P-correto,VN
19,incorreto,P-incorreto,VP
41,correto,P-correto,VN
42,correto,P-incorreto,FN
42,correto,P-incorreto,FN
42,correto,P-incorreto,FN
44,correto,P-correto,VN
42,correto,P-incorreto,FN
41,correto,P-correto,VN
41,correto,P-correto,VN
42,correto,P-incorreto,FN
42,correto,P-incorreto,FN
42,correto,P-incorreto,FN
42,correto,P-incorreto,FN
42,correto,P-incorreto,FN
42,correto,P-incorreto,FN
42,correto,P-incorreto,FN
41,correto,P-correto,VN
42,correto,P-incorreto,FN
41,correto,P-correto,VN
42,correto,P-incorreto,FN
40,incorreto,P-incorreto,VP
37,incorreto,P-incorreto,VP
43,correto,P-correto,VN
54,incorreto,P-incorreto,VP
42,correto,P-incorreto,FN
42,correto,P-incorreto,FN
43,correto,P-correto,VN
41,correto,P-correto,VN
42,correto,P-incorreto,FN
42,correto,P-incorreto,FN
42,correto,P-incorreto,FN
42,correto,P-incorreto,FN
43,correto,P-correto,VN
42,correto,P-incorreto,FN
43,correto,P-correto,VN
42,correto,P-incorreto,FN
43,correto,P-correto,VN
41,correto,P-correto,VN
43,correto,P-correto,VN
44,correto,P-correto,VN
41,correto,P-correto,VN
42,correto,P-incorreto,FN
42,correto,P-incorreto,FN
42,correto,P-incorreto,FN
42,correto,P-incorreto,FN
42,correto,P-incorreto,FN
42,correto,P-incorreto,FN
58,incorreto,P-incorreto,VP
42,correto,P-incorreto,FN
43,incorreto,P-correto,FP
42,correto,P-incorreto,FN
41,correto,P-correto,VN
42,correto,P-incorreto,FN
42,correto,P-incorreto,FN
42,correto,P-incorreto,FN
42,correto,P-incorreto,FN
42,correto,P-incorreto,FN
27,incorreto,P-incorreto,VP
43,correto,P-correto,VN
42,correto,P-incorreto,FN
41,correto,P-correto,VN
42,correto,P-incorreto,FN
47,incorreto,P-incorreto,VP
43,correto,P-correto,VN
43,correto,P-correto,VN
41,correto,P-correto,VN
42,correto,P-incorreto,FN
42,correto,P-incorreto,FN
42,correto,P-incorreto,FN
42,correto,P-incorreto,FN
42,correto,P-incorreto,FN
43,correto,P-correto,VN
42,correto,P-incorreto,FN
42,correto,P-incorreto,FN
51,incorreto,P-incorreto,VP
41,correto,P-correto,VN
42,correto,P-incorreto,FN
42,correto,P-incorreto,FN
42,incorreto,P-incorreto,VP
41,correto,P-correto,VN
43,correto,P-correto,VN
64,incorreto,P-incorreto,VP
19,incorreto,P-incorreto,VP
42,correto,P-incorreto,FN
43,correto,P-correto,VN
42,correto,P-incorreto,FN
42,correto,P-incorreto,FN
46,incorreto,P-incorreto,VP
42,correto,P-incorreto,FN
42,correto,P-incorreto,FN
43,correto,P-correto,VN
42,correto,P-incorreto,FN
42,correto,P-incorreto,FN
42,correto,P-incorreto,FN
42,correto,P-incorreto,FN
42,correto,P-incorreto,FN
42,correto,P-incorreto,FN
42,correto,P-incorreto,FN
42,correto,P-incorreto,FN
38,incorreto,P-incorreto,VP
42,correto,P-incorreto,FN
42,correto,P-incorreto,FN
42,correto,P-incorreto,FN
42,correto,P-incorreto,FN
43,correto,P-correto,VN
42,correto,P-incorreto,FN
42,correto,P-incorreto,FN
41,correto,P-correto,VN
42,correto,P-incorreto,FN
42,correto,P-incorreto,FN
42,correto,P-incorreto,FN
42,correto,P-incorreto,FN
43,correto,P-correto,VN
42,correto,P-incorreto,FN
42,correto,P-incorreto,FN
41,correto,P-correto,VN
43,correto,P-correto,VN
42,correto,P-incorreto,FN
42,correto,P-incorreto,FN
42,correto,P-incorreto,FN
41,correto,P-correto,VN
42,correto,P-incorreto,FN
42,correto,P-incorreto,FN
42,correto,P-incorreto,FN
42,correto,P-incorreto,FN
42,correto,P-incorreto,FN
41,correto,P-correto,VN
42,correto,P-incorreto,FN
42,correto,P-incorreto,FN
43,correto,P-correto,VN
41,correto,P-correto,VN
43,incorreto,P-correto,FP
43,correto,P-correto,VN
48,incorreto,P-incorreto,VP
42,correto,P-incorreto,FN
42,correto,P-incorreto,FN
43,correto,P-correto,VN
42,incorreto,P-incorreto,VP
42,correto,P-incorreto,FN
42,correto,P-incorreto,FN
42,correto,P-incorreto,FN
42,correto,P-incorreto,FN
42,correto,P-incorreto,FN
42,correto,P-incorreto,FN
42,correto,P-incorreto,FN
42,correto,P-incorreto,FN
42,correto,P-incorreto,FN
43,correto,P-correto,VN
41,correto,P-correto,VN
43,correto,P-correto,VN
42,correto,P-incorreto,FN
43,correto,P-correto,VN
41,correto,P-correto,VN
42,correto,P-incorreto,FN
43,correto,P-correto,VN
29,incorreto,P-incorreto,VP
42,correto,P-incorreto,FN
42,correto,P-incorreto,FN
42,correto,P-incorreto,FN
43,correto,P-correto,VN
42,correto,P-incorreto,FN
42,correto,P-incorreto,FN
45,incorreto,P-incorreto,VP
41,correto,P-correto,VN
41,correto,P-correto,VN
42,correto,P-incorreto,FN
42,correto,P-incorreto,FN
59,incorreto,P-incorreto,VP
42,correto,P-incorreto,FN
42,correto,P-incorreto,FN
42,correto,P-incorreto,FN
42,correto,P-incorreto,FN
40,correto,P-incorreto,FN
42,correto,P-incorreto,FN
41,correto,P-correto,VN
42,correto,P-incorreto,FN
41,correto,P-correto,VN
42,correto,P-incorreto,FN
29,incorreto,P-incorreto,VP
42,correto,P-incorreto,FN
43,correto,P-correto,VN
42,correto,P-incorreto,FN
43,correto,P-correto,VN
42,correto,P-incorreto,FN
42,correto,P-incorreto,FN
43,correto,P-correto,VN
46,incorreto,P-incorreto,VP
42,correto,P-incorreto,FN
42,correto,P-incorreto,FN
42,correto,P-incorreto,FN
42,correto,P-incorreto,FN
43,correto,P-correto,VN
43,correto,P-correto,VN
43,correto,P-correto,VN
43,correto,P-correto,VN
42,correto,P-incorreto,FN
41,correto,P-correto,VN
42,correto,P-incorreto,FN
42,correto,P-incorreto,FN
43,correto,P-correto,VN
41,correto,P-correto,VN
42,correto,P-incorreto,FN
42,correto,P-incorreto,FN
42,correto,P-incorreto,FN
42,correto,P-incorreto,FN
42,correto,P-incorreto,FN
48,incorreto,P-incorreto,VP
42,correto,P-incorreto,FN
28,incorreto,P-incorreto,VP
45,incorreto,P-incorreto,VP
43,correto,P-correto,VN
43,correto,P-correto,VN
42,correto,P-incorreto,FN
43,correto,P-correto,VN
43,correto,P-correto,VN
42,correto,P-incorreto,FN
42,correto,P-incorreto,FN
49,incorreto,P-incorreto,VP
41,correto,P-correto,VN
42,correto,P-incorreto,FN
42,correto,P-incorreto,FN
46,incorreto,P-incorreto,VP
42,correto,P-incorreto,FN
41,correto,P-correto,VN
42,correto,P-incorreto,FN
42,correto,P-incorreto,FN
43,correto,P-correto,VN
27,incorreto,P-incorreto,VP
43,correto,P-correto,VN
42,correto,P-incorreto,FN
43,correto,P-correto,VN
42,correto,P-incorreto,FN
43,correto,P-correto,VN
43,correto,P-correto,VN
42,correto,P-incorreto,FN
42,correto,P-incorreto,FN
42,correto,P-incorreto,FN
48,incorreto,P-incorreto,VP
42,correto,P-incorreto,FN
42,correto,P-incorreto,FN
43,correto,P-correto,VN
41,correto,P-correto,VN
42,correto,P-incorreto,FN
42,correto,P-incorreto,FN
41,correto,P-correto,VN
42,correto,P-incorreto,FN
42,correto,P-incorreto,FN
42,correto,P-incorreto,FN
41,correto,P-correto,VN
41,correto,P-correto,VN
42,correto,P-incorreto,FN
42,correto,P-incorreto,FN
41,correto,P-correto,VN
42,correto,P-incorreto,FN
42,correto,P-incorreto,FN
41,correto,P-correto,VN
42,correto,P-incorreto,FN
42,correto,P-incorreto,FN
42,correto,P-incorreto,FN
41,correto,P-correto,VN
42,correto,P-incorreto,FN
41,correto,P-correto,VN
41,correto,P-correto,VN
42,correto,P-incorreto,FN
42,correto,P-incorreto,FN
41,correto,P-correto,VN
42,correto,P-incorreto,FN
42,correto,P-incorreto,FN
42,correto,P-incorreto,FN
41,correto,P-correto,VN
41,correto,P-correto,VN
42,correto,P-incorreto,FN
42,correto,P-incorreto,FN
42,correto,P-incorreto,FN
42,correto,P-incorreto,FN
42,correto,P-incorreto,FN
42,correto,P-incorreto,FN
42,correto,P-incorreto,FN
42,correto,P-incorreto,FN
42,correto,P-incorreto,FN
42,correto,P-incorreto,FN
28,incorreto,P-incorreto,VP
41,correto,P-correto,VN
42,correto,P-incorreto,FN
28,incorreto,P-incorreto,VP
46,incorreto,P-incorreto,VP
42,correto,P-incorreto,FN
42,correto,P-incorreto,FN
42,correto,P-incorreto,FN
42,correto,P-incorreto,FN
41,correto,P-correto,VN
42,correto,P-incorreto,FN
41,correto,P-correto,VN
42,correto,P-incorreto,FN
41,correto,P-correto,VN
42,correto,P-incorreto,FN
42,correto,P-incorreto,FN
42,correto,P-incorreto,FN
43,correto,P-correto,VN
39,incorreto,P-incorreto,VP
42,correto,P-incorreto,FN
42,correto,P-incorreto,FN
42,correto,P-incorreto,FN
43,correto,P-correto,VN
42,correto,P-incorreto,FN
41,correto,P-correto,VN
42,correto,P-incorreto,FN
42,correto,P-incorreto,FN
42,correto,P-incorreto,FN
43,correto,P-correto,VN
42,correto,P-incorreto,FN
43,correto,P-correto,VN
43,correto,P-correto,VN
41,correto,P-correto,VN
43,correto,P-correto,VN
42,correto,P-incorreto,FN
41,correto,P-correto,VN
42,correto,P-incorreto,FN
42,correto,P-incorreto,FN
42,correto,P-incorreto,FN
41,correto,P-correto,VN
42,correto,P-incorreto,FN
42,correto,P-incorreto,FN
42,correto,P-incorreto,FN
33,incorreto,P-incorreto,VP
42,correto,P-incorreto,FN
42,correto,P-incorreto,FN
42,correto,P-incorreto,FN
41,correto,P-correto,VN
41,correto,P-correto,VN
41,correto,P-correto,VN
42,correto,P-incorreto,FN
39,incorreto,P-incorreto,VP
41,correto,P-correto,VN
42,correto,P-incorreto,FN
42,correto,P-incorreto,FN
42,correto,P-incorreto,FN
41,correto,P-correto,VN
42,correto,P-incorreto,FN
43,correto,P-correto,VN
42,correto,P-incorreto,FN
42,correto,P-incorreto,FN
42,correto,P-incorreto,FN
42,correto,P-incorreto,FN
41,correto,P-correto,VN
42,correto,P-incorreto,FN
41,correto,P-correto,VN
43,correto,P-correto,VN
42,correto,P-incorreto,FN
42,incorreto,P-incorreto,VP
43,incorreto,P-correto,FP
42,correto,P-incorreto,FN
32,incorreto,P-incorreto,VP
42,correto,P-incorreto,FN
42,correto,P-incorreto,FN
41,correto,P-correto,VN
41,correto,P-correto,VN
41,correto,P-correto,VN
42,correto,P-incorreto,FN
42,correto,P-incorreto,FN
41,correto,P-correto,VN
43,correto,P-correto,VN
42,correto,P-incorreto,FN
42,correto,P-incorreto,FN
43,correto,P-correto,VN
42,correto,P-incorreto,FN
42,correto,P-incorreto,FN
42,correto,P-incorreto,FN
24,incorreto,P-incorreto,VP
43,correto,P-correto,VN
43,correto,P-correto,VN
42,correto,P-incorreto,FN
50,incorreto,P-incorreto,VP
41,correto,P-correto,VN
41,correto,P-correto,VN
43,correto,P-correto,VN
44,incorreto,P-correto,FP
43,correto,P-correto,VN
43,correto,P-correto,VN
42,correto,P-incorreto,FN
42,correto,P-incorreto,FN
41,correto,P-correto,VN
42,correto,P-incorreto,FN
41,correto,P-correto,VN
42,correto,P-incorreto,FN
42,correto,P-incorreto,FN
42,correto,P-incorreto,FN
42,correto,P-incorreto,FN
32,incorreto,P-incorreto,VP
42,correto,P-incorreto,FN
41,correto,P-correto,VN
43,correto,P-correto,VN
42,correto,P-incorreto,FN
42,correto,P-incorreto,FN
42,correto,P-incorreto,FN
42,correto,P-incorreto,FN
41,correto,P-correto,VN
42,correto,P-incorreto,FN
50,incorreto,P-incorreto,VP
42,correto,P-incorreto,FN
41,correto,P-correto,VN
42,correto,P-incorreto,FN
41,correto,P-correto,VN
42,correto,P-incorreto,FN
42,correto,P-incorreto,FN
43,correto,P-correto,VN
42,correto,P-incorreto,FN
42,correto,P-incorreto,FN
46,incorreto,P-incorreto,VP
43,correto,P-correto,VN
42,correto,P-incorreto,FN
43,correto,P-correto,VN
42,correto,P-incorreto,FN
42,correto,P-incorreto,FN
42,correto,P-incorreto,FN
23,incorreto,P-incorreto,VP
43,correto,P-correto,VN
42,correto,P-incorreto,FN
42,correto,P-incorreto,FN
41,correto,P-correto,VN
42,correto,P-incorreto,FN
42,correto,P-incorreto,FN
38,incorreto,P-incorreto,VP
42,correto,P-incorreto,FN
42,correto,P-incorreto,FN
42,correto,P-incorreto,FN
42,correto,P-incorreto,FN
41,correto,P-correto,VN
43,correto,P-correto,VN
42,correto,P-incorreto,FN
42,correto,P-incorreto,FN
42,correto,P-incorreto,FN
42,correto,P-incorreto,FN
42,correto,P-incorreto,FN
41,correto,P-correto,VN
41,correto,P-correto,VN
42,correto,P-incorreto,FN
42,correto,P-incorreto,FN
42,correto,P-incorreto,FN
41,correto,P-correto,VN
43,correto,P-correto,VN
42,correto,P-incorreto,FN
42,correto,P-incorreto,FN
43,correto,P-correto,VN
42,correto,P-incorreto,FN
42,correto,P-incorreto,FN
41,correto,P-correto,VN
42,correto,P-incorreto,FN
42,correto,P-incorreto,FN
42,correto,P-incorreto,FN
42,correto,P-incorreto,FN
42,correto,P-incorreto,FN
42,correto,P-incorreto,FN
42,correto,P-incorreto,FN
42,correto,P-incorreto,FN
42,correto,P-incorreto,FN
41,incorreto,P-correto,FP
43,correto,P-correto,VN
43,correto,P-correto,VN
42,correto,P-incorreto,FN
43,correto,P-correto,VN
43,correto,P-correto,VN
42,correto,P-incorreto,FN
42,correto,P-incorreto,FN
42,correto,P-incorreto,FN
42,correto,P-incorreto,FN
43,incorreto,P-correto,FP
42,correto,P-incorreto,FN
42,correto,P-incorreto,FN
42,correto,P-incorreto,FN
39,incorreto,P-incorreto,VP
42,correto,P-incorreto,FN
42,correto,P-incorreto,FN
42,correto,P-incorreto,FN
41,correto,P-correto,VN
41,correto,P-correto,VN
42,correto,P-incorreto,FN
42,correto,P-incorreto,FN
42,correto,P-incorreto,FN
42,correto,P-incorreto,FN
43,correto,P-correto,VN
42,correto,P-incorreto,FN
41,correto,P-correto,VN
43,correto,P-correto,VN
42,correto,P-incorreto,FN
42,correto,P-incorreto,FN
41,correto,P-correto,VN
42,correto,P-incorreto,FN
19,incorreto,P-incorreto,VP
41,correto,P-correto,VN
42,correto,P-incorreto,FN
43,correto,P-correto,VN
42,correto,P-incorreto,FN
43,correto,P-correto,VN
41,correto,P-correto,VN
42,correto,P-incorreto,FN
42,correto,P-incorreto,FN
43,correto,P-correto,VN
42,correto,P-incorreto,FN
43,correto,P-correto,VN
56,incorreto,P-incorreto,VP
42,correto,P-incorreto,FN
42,correto,P-incorreto,FN
42,correto,P-incorreto,FN
42,correto,P-incorreto,FN
42,correto,P-incorreto,FN
42,correto,P-incorreto,FN
42,correto,P-incorreto,FN
34,incorreto,P-incorreto,VP
42,correto,P-incorreto,FN
42,correto,P-incorreto,FN
42,correto,P-incorreto,FN
42,correto,P-incorreto,FN
42,correto,P-incorreto,FN
44,correto,P-correto,VN
42,correto,P-incorreto,FN
43,correto,P-correto,VN
43,correto,P-correto,VN
42,correto,P-incorreto,FN
42,correto,P-incorreto,FN
42,correto,P-incorreto,FN
43,correto,P-correto,VN
44,incorreto,P-correto,FP
35,incorreto,P-incorreto,VP
42,correto,P-incorreto,FN
43,correto,P-correto,VN
43,correto,P-correto,VN
43,correto,P-correto,VN
41,correto,P-correto,VN
42,correto,P-incorreto,FN
48,incorreto,P-incorreto,VP
42,correto,P-incorreto,FN
43,correto,P-correto,VN
43,correto,P-correto,VN
42,correto,P-incorreto,FN
42,correto,P-incorreto,FN
43,correto,P-correto,VN
41,correto,P-correto,VN
42,correto,P-incorreto,FN
24,incorreto,P-incorreto,VP
42,correto,P-incorreto,FN
45,incorreto,P-incorreto,VP
41,correto,P-correto,VN
42,correto,P-incorreto,FN
42,correto,P-incorreto,FN
42,correto,P-incorreto,FN
42,correto,P-incorreto,FN
42,correto,P-incorreto,FN
42,correto,P-incorreto,FN
43,correto,P-correto,VN
44,incorreto,P-correto,FP
42,correto,P-incorreto,FN
42,correto,P-incorreto,FN
43,correto,P-correto,VN
42,correto,P-incorreto,FN
42,correto,P-incorreto,FN
42,correto,P-incorreto,FN
42,correto,P-incorreto,FN
42,correto,P-incorreto,FN
42,correto,P-incorreto,FN
42,correto,P-incorreto,FN
42,correto,P-incorreto,FN
42,correto,P-incorreto,FN
42,correto,P-incorreto,FN
40,incorreto,P-incorreto,VP
42,correto,P-incorreto,FN
42,correto,P-incorreto,FN
42,correto,P-incorreto,FN
42,correto,P-incorreto,FN
42,correto,P-incorreto,FN
41,correto,P-correto,VN
42,correto,P-incorreto,FN
43,correto,P-correto,VN
42,incorreto,P-incorreto,VP
42,correto,P-incorreto,FN
42,correto,P-incorreto,FN
42,correto,P-incorreto,FN
42,correto,P-incorreto,FN
42,correto,P-incorreto,FN
42,incorreto,P-incorreto,VP
42,correto,P-incorreto,FN
42,correto,P-incorreto,FN
42,correto,P-incorreto,FN
42,correto,P-incorreto,FN
43,correto,P-correto,VN
41,correto,P-correto,VN
43,correto,P-correto,VN
42,correto,P-incorreto,FN
42,correto,P-incorreto,FN
42,correto,P-incorreto,FN
42,correto,P-incorreto,FN
43,correto,P-correto,VN
43,correto,P-correto,VN
41,correto,P-correto,VN
42,correto,P-incorreto,FN
42,correto,P-incorreto,FN
42,correto,P-incorreto,FN
42,correto,P-incorreto,FN
42,correto,P-incorreto,FN
42,correto,P-incorreto,FN
42,correto,P-incorreto,FN
41,correto,P-correto,VN
31,incorreto,P-incorreto,VP
42,correto,P-incorreto,FN
43,correto,P-correto,VN
42,correto,P-incorreto,FN
42,correto,P-incorreto,FN
42,correto,P-incorreto,FN
42,correto,P-incorreto,FN
43,correto,P-correto,VN
42,correto,P-incorreto,FN
42,correto,P-incorreto,FN
42,correto,P-incorreto,FN
42,correto,P-incorreto,FN
42,correto,P-incorreto,FN
42,correto,P-incorreto,FN
42,correto,P-incorreto,FN
43,correto,P-correto,VN
42,correto,P-incorreto,FN
42,correto,P-incorreto,FN
35,incorreto,P-incorreto,VP
43,correto,P-correto,VN
42,correto,P-incorreto,FN
42,correto,P-incorreto,FN
43,correto,P-correto,VN
43,correto,P-correto,VN
42,correto,P-incorreto,FN
42,correto,P-incorreto,FN
42,correto,P-incorreto,FN
42,correto,P-incorreto,FN
41,correto,P-correto,VN
42,correto,P-incorreto,FN
42,correto,P-incorreto,FN
42,correto,P-incorreto,FN
43,correto,P-correto,VN
43,correto,P-correto,VN
42,correto,P-incorreto,FN
42,correto,P-incorreto,FN
42,correto,P-incorreto,FN
42,correto,P-incorreto,FN
43,incorreto,P-correto,FP
42,correto,P-incorreto,FN
42,correto,P-incorreto,FN
41,correto,P-correto,VN
42,correto,P-incorreto,FN
42,correto,P-incorreto,FN
41,correto,P-correto,VN
44,incorreto,P-correto,FP
42,correto,P-incorreto,FN
43,incorreto,P-correto,FP
42,correto,P-incorreto,FN
42,correto,P-incorreto,FN
42,correto,P-incorreto,FN
42,correto,P-incorreto,FN
52,incorreto,P-incorreto,VP
42,correto,P-incorreto,FN
42,correto,P-incorreto,FN
42,correto,P-incorreto,FN
42,correto,P-incorreto,FN
42,correto,P-incorreto,FN
42,correto,P-incorreto,FN
42,correto,P-incorreto,FN
43,correto,P-correto,VN
42,correto,P-incorreto,FN
41,correto,P-correto,VN
42,correto,P-incorreto,FN
42,correto,P-incorreto,FN
47,incorreto,P-incorreto,VP
47,incorreto,P-incorreto,VP
41,correto,P-correto,VN
43,correto,P-correto,VN
43,correto,P-correto,VN
42,incorreto,P-incorreto,VP
43,correto,P-correto,VN
42,correto,P-incorreto,FN
42,correto,P-incorreto,FN
42,correto,P-incorreto,FN
41,correto,P-correto,VN
42,correto,P-incorreto,FN
42,correto,P-incorreto,FN
41,correto,P-correto,VN
43,correto,P-correto,VN
42,correto,P-incorreto,FN
42,correto,P-incorreto,FN
41,correto,P-correto,VN
41,correto,P-correto,VN
42,correto,P-incorreto,FN
42,correto,P-incorreto,FN
42,correto,P-incorreto,FN
42,correto,P-incorreto,FN
42,correto,P-incorreto,FN
42,correto,P-incorreto,FN
42,correto,P-incorreto,FN
42,correto,P-incorreto,FN
42,correto,P-incorreto,FN
42,correto,P-incorreto,FN
43,correto,P-correto,VN
42,correto,P-incorreto,FN
43,correto,P-correto,VN
41,correto,P-correto,VN
42,correto,P-incorreto,FN
42,correto,P-incorreto,FN
42,correto,P-incorreto,FN
42,correto,P-incorreto,FN
42,correto,P-incorreto,FN
43,correto,P-correto,VN
42,correto,P-incorreto,FN
42,correto,P-incorreto,FN
41,correto,P-correto,VN
42,correto,P-incorreto,FN
42,correto,P-incorreto,FN
43,correto,P-correto,VN
42,correto,P-incorreto,FN
31,incorreto,P-incorreto,VP
42,correto,P-incorreto,FN
41,correto,P-correto,VN
42,correto,P-incorreto,FN
42,correto,P-incorreto,FN
42,correto,P-incorreto,FN
42,correto,P-incorreto,FN
42,correto,P-incorreto,FN
42,correto,P-incorreto,FN
42,correto,P-incorreto,FN
42,correto,P-incorreto,FN
42,correto,P-incorreto,FN
42,correto,P-incorreto,FN
43,correto,P-correto,VN
26,incorreto,P-incorreto,VP
42,correto,P-incorreto,FN
41,correto,P-correto,VN
42,correto,P-incorreto,FN
43,correto,P-correto,VN
41,correto,P-correto,VN
41,correto,P-correto,VN
41,correto,P-correto,VN
43,correto,P-correto,VN
42,correto,P-incorreto,FN
43,correto,P-correto,VN
42,correto,P-incorreto,FN
43,correto,P-correto,VN
42,correto,P-incorreto,FN
41,correto,P-correto,VN
42,correto,P-incorreto,FN
42,correto,P-incorreto,FN
42,correto,P-incorreto,FN
42,correto,P-incorreto,FN
43,correto,P-correto,VN
62,incorreto,P-incorreto,VP
32,incorreto,P-incorreto,VP
43,correto,P-correto,VN
41,correto,P-correto,VN
42,correto,P-incorreto,FN
41,correto,P-correto,VN
43,correto,P-correto,VN
41,correto,P-correto,VN
42,correto,P-incorreto,FN
42,correto,P-incorreto,FN
42,correto,P-incorreto,FN
42,correto,P-incorreto,FN
42,correto,P-incorreto,FN
42,correto,P-incorreto,FN
50,incorreto,P-incorreto,VP
42,correto,P-incorreto,FN
42,correto,P-incorreto,FN
41,correto,P-correto,VN
43,correto,P-correto,VN
42,correto,P-incorreto,FN
43,correto,P-correto,VN
42,correto,P-incorreto,FN
42,correto,P-incorreto,FN
42,correto,P-incorreto,FN
42,correto,P-incorreto,FN
42,correto,P-incorreto,FN
42,correto,P-incorreto,FN
42,correto,P-incorreto,FN
42,correto,P-incorreto,FN
42,correto,P-incorreto,FN
43,correto,P-correto,VN
42,correto,P-incorreto,FN
43,correto,P-correto,VN
42,correto,P-incorreto,FN
43,correto,P-correto,VN
43,correto,P-correto,VN
43,correto,P-correto,VN
42,correto,P-incorreto,FN
41,correto,P-correto,VN
42,correto,P-incorreto,FN
42,correto,P-incorreto,FN
42,correto,P-incorreto,FN
42,correto,P-incorreto,FN
42,correto,P-incorreto,FN
42,correto,P-incorreto,FN
42,correto,P-incorreto,FN
42,correto,P-incorreto,FN
41,correto,P-correto,VN
42,correto,P-incorreto,FN
42,correto,P-incorreto,FN
42,correto,P-incorreto,FN
41,correto,P-correto,VN
42,correto,P-incorreto,FN
42,correto,P-incorreto,FN
38,incorreto,P-incorreto,VP
43,correto,P-correto,VN
41,correto,P-correto,VN
43,correto,P-correto,VN
41,correto,P-correto,VN
41,correto,P-correto,VN
42,correto,P-incorreto,FN
38,incorreto,P-incorreto,VP
37,incorreto,P-incorreto,VP
41,correto,P-correto,VN
42,correto,P-incorreto,FN
42,correto,P-incorreto,FN
42,correto,P-incorreto,FN
42,correto,P-incorreto,FN
42,correto,P-incorreto,FN
41,correto,P-correto,VN
42,correto,P-incorreto,FN
42,correto,P-incorreto,FN
43,correto,P-correto,VN
42,correto,P-incorreto,FN
42,correto,P-incorreto,FN
42,correto,P-incorreto,FN
42,correto,P-incorreto,FN
43,correto,P-correto,VN
42,correto,P-incorreto,FN
42,correto,P-incorreto,FN
50,incorreto,P-incorreto,VP
41,correto,P-correto,VN
42,correto,P-incorreto,FN
43,correto,P-correto,VN
43,correto,P-correto,VN
42,correto,P-incorreto,FN
42,correto,P-incorreto,FN
42,correto,P-incorreto,FN
43,correto,P-correto,VN
42,correto,P-incorreto,FN
43,correto,P-correto,VN
43,correto,P-correto,VN
42,correto,P-incorreto,FN
41,correto,P-correto,VN
42,correto,P-incorreto,FN
42,correto,P-incorreto,FN
43,correto,P-correto,VN
42,correto,P-incorreto,FN
42,correto,P-incorreto,FN
42,correto,P-incorreto,FN
42,correto,P-incorreto,FN
42,correto,P-incorreto,FN
42,correto,P-incorreto,FN
42,correto,P-incorreto,FN
74,incorreto,P-incorreto,VP
43,correto,P-correto,VN
41,correto,P-correto,VN
42,correto,P-incorreto,FN
43,correto,P-correto,VN
42,correto,P-incorreto,FN
41,correto,P-correto,VN
28,incorreto,P-incorreto,VP
42,correto,P-incorreto,FN
42,correto,P-incorreto,FN
42,correto,P-incorreto,FN
42,correto,P-incorreto,FN
42,correto,P-incorreto,FN
41,correto,P-correto,VN
43,correto,P-correto,VN
42,correto,P-incorreto,FN
41,correto,P-correto,VN
40,incorreto,P-incorreto,VP
42,correto,P-incorreto,FN
41,correto,P-correto,VN
42,correto,P-incorreto,FN
43,correto,P-correto,VN
42,correto,P-incorreto,FN
56,incorreto,P-incorreto,VP
42,correto,P-incorreto,FN
43,correto,P-correto,VN
42,correto,P-incorreto,FN
42,correto,P-incorreto,FN
42,correto,P-incorreto,FN
43,correto,P-correto,VN
43,correto,P-correto,VN
43,correto,P-correto,VN
64,incorreto,P-incorreto,VP
42,correto,P-incorreto,FN
42,correto,P-incorreto,FN
42,correto,P-incorreto,FN
42,correto,P-incorreto,FN
42,correto,P-incorreto,FN
42,correto,P-incorreto,FN
41,correto,P-correto,VN
42,correto,P-incorreto,FN
42,correto,P-incorreto,FN
35,incorreto,P-incorreto,VP
41,correto,P-correto,VN
41,correto,P-correto,VN
41,correto,P-correto,VN
42,correto,P-incorreto,FN
16,incorreto,P-incorreto,VP
42,correto,P-incorreto,FN
42,correto,P-incorreto,FN
42,correto,P-incorreto,FN
42,correto,P-incorreto,FN
42,correto,P-incorreto,FN
41,correto,P-correto,VN
42,correto,P-incorreto,FN
43,correto,P-correto,VN
12,incorreto,P-incorreto,VP
42,correto,P-incorreto,FN
41,correto,P-correto,VN
41,correto,P-correto,VN
42,correto,P-incorreto,FN
43,correto,P-correto,VN
42,correto,P-incorreto,FN
42,correto,P-incorreto,FN
42,correto,P-incorreto,FN
41,correto,P-correto,VN
41,correto,P-correto,VN
38,incorreto,P-incorreto,VP
41,correto,P-correto,VN
42,correto,P-incorreto,FN
41,correto,P-correto,VN
41,correto,P-correto,VN
41,correto,P-correto,VN
42,correto,P-incorreto,FN
42,correto,P-incorreto,FN
48,incorreto,P-incorreto,VP
42,correto,P-incorreto,FN
28,incorreto,P-incorreto,VP
42,correto,P-incorreto,FN
39,incorreto,P-incorreto,VP
43,correto,P-correto,VN
41,correto,P-correto,VN
55,incorreto,P-incorreto,VP
42,correto,P-incorreto,FN
42,correto,P-incorreto,FN
42,correto,P-incorreto,FN
42,correto,P-incorreto,FN
42,correto,P-incorreto,FN
42,correto,P-incorreto,FN
62,incorreto,P-incorreto,VP
42,correto,P-incorreto,FN
43,correto,P-correto,VN
42,correto,P-incorreto,FN
42,correto,P-incorreto,FN
33,incorreto,P-incorreto,VP
43,correto,P-correto,VN
41,correto,P-correto,VN
41,correto,P-correto,VN
42,correto,P-incorreto,FN
41,correto,P-correto,VN
42,correto,P-incorreto,FN
42,correto,P-incorreto,FN
42,correto,P-incorreto,FN
42,correto,P-incorreto,FN
42,correto,P-incorreto,FN
40,incorreto,P-incorreto,VP
43,correto,P-correto,VN
42,correto,P-incorreto,FN
41,correto,P-correto,VN
42,correto,P-incorreto,FN
42,correto,P-incorreto,FN
42,correto,P-incorreto,FN
43,correto,P-correto,VN
42,correto,P-incorreto,FN
43,correto,P-correto,VN
42,correto,P-incorreto,FN
41,correto,P-correto,VN
42,correto,P-incorreto,FN
43,correto,P-correto,VN
43,correto,P-correto,VN
42,correto,P-incorreto,FN
41,correto,P-correto,VN
42,correto,P-incorreto,FN
42,correto,P-incorreto,FN
42,correto,P-incorreto,FN
42,correto,P-incorreto,FN
42,correto,P-incorreto,FN
42,correto,P-incorreto,FN
42,correto,P-incorreto,FN
42,correto,P-incorreto,FN
42,correto,P-incorreto,FN
42,correto,P-incorreto,FN
42,correto,P-incorreto,FN
42,correto,P-incorreto,FN
43,correto,P-correto,VN
42,correto,P-incorreto,FN
41,correto,P-correto,VN
42,correto,P-incorreto,FN
42,correto,P-incorreto,FN
42,correto,P-incorreto,FN
42,correto,P-incorreto,FN
40,correto,P-incorreto,FN
42,correto,P-incorreto,FN
41,correto,P-correto,VN
42,correto,P-incorreto,FN
42,correto,P-incorreto,FN
43,correto,P-correto,VN
41,correto,P-correto,VN
42,correto,P-incorreto,FN
42,correto,P-incorreto,FN
42,correto,P-incorreto,FN
42,correto,P-incorreto,FN
41,incorreto,P-correto,FP
42,correto,P-incorreto,FN
43,correto,P-correto,VN
42,correto,P-incorreto,FN
42,correto,P-incorreto,FN
42,correto,P-incorreto,FN
42,correto,P-incorreto,FN
42,correto,P-incorreto,FN
43,correto,P-correto,VN
42,correto,P-incorreto,FN
44,incorreto,P-correto,FP
42,correto,P-incorreto,FN
42,correto,P-incorreto,FN
42,correto,P-incorreto,FN
42,correto,P-incorreto,FN
42,correto,P-incorreto,FN
39,incorreto,P-incorreto,VP
42,correto,P-incorreto,FN
42,correto,P-incorreto,FN
43,correto,P-correto,VN
42,correto,P-incorreto,FN
42,correto,P-incorreto,FN
42,correto,P-incorreto,FN
42,correto,P-incorreto,FN
42,correto,P-incorreto,FN
42,correto,P-incorreto,FN
42,correto,P-incorreto,FN
43,correto,P-correto,VN
42,correto,P-incorreto,FN
42,correto,P-incorreto,FN
42,correto,P-incorreto,FN
42,correto,P-incorreto,FN
42,correto,P-incorreto,FN
41,correto,P-correto,VN
42,correto,P-incorreto,FN
43,correto,P-correto,VN
42,correto,P-incorreto,FN
43,correto,P-correto,VN
41,correto,P-correto,VN
42,correto,P-incorreto,FN
42,correto,P-incorreto,FN
41,correto,P-correto,VN
43,correto,P-correto,VN
33,incorreto,P-incorreto,VP
29,incorreto,P-incorreto,VP
42,correto,P-incorreto,FN
43,correto,P-correto,VN
42,correto,P-incorreto,FN
42,correto,P-incorreto,FN
42,correto,P-incorreto,FN
41,correto,P-correto,VN
42,correto,P-incorreto,FN
42,correto,P-incorreto,FN
42,correto,P-incorreto,FN
42,correto,P-incorreto,FN
42,correto,P-incorreto,FN
41,correto,P-correto,VN
42,correto,P-incorreto,FN
30,incorreto,P-incorreto,VP
42,correto,P-incorreto,FN
42,correto,P-incorreto,FN
42,correto,P-incorreto,FN
41,incorreto,P-correto,FP
51,incorreto,P-incorreto,VP
43,correto,P-correto,VN
41,correto,P-correto,VN
43,correto,P-correto,VN
42,correto,P-incorreto,FN
42,correto,P-incorreto,FN
42,correto,P-incorreto,FN
54,incorreto,P-incorreto,VP
42,correto,P-incorreto,FN
42,correto,P-incorreto,FN
42,correto,P-incorreto,FN
43,correto,P-correto,VN
42,correto,P-incorreto,FN
43,correto,P-correto,VN
43,correto,P-correto,VN
42,correto,P-incorreto,FN
42,correto,P-incorreto,FN
37,incorreto,P-incorreto,VP
41,correto,P-correto,VN
42,correto,P-incorreto,FN
42,correto,P-incorreto,FN
43,correto,P-correto,VN
42,correto,P-incorreto,FN
42,correto,P-incorreto,FN
49,incorreto,P-incorreto,VP
42,correto,P-incorreto,FN
43,correto,P-correto,VN
43,correto,P-correto,VN
41,correto,P-correto,VN
42,correto,P-incorreto,FN
42,correto,P-incorreto,FN
42,correto,P-incorreto,FN
42,correto,P-incorreto,FN
41,correto,P-correto,VN
50,incorreto,P-incorreto,VP
42,correto,P-incorreto,FN
41,correto,P-correto,VN
42,correto,P-incorreto,FN
41,correto,P-correto,VN
36,incorreto,P-incorreto,VP
42,correto,P-incorreto,FN
37,incorreto,P-incorreto,VP
29,incorreto,P-incorreto,VP
42,correto,P-incorreto,FN
42,correto,P-incorreto,FN
42,correto,P-incorreto,FN
42,correto,P-incorreto,FN
37,incorreto,P-incorreto,VP
42,correto,P-incorreto,FN
42,correto,P-incorreto,FN
41,correto,P-correto,VN
42,correto,P-incorreto,FN
42,correto,P-incorreto,FN
42,correto,P-incorreto,FN
42,correto,P-incorreto,FN
42,correto,P-incorreto,FN
43,correto,P-correto,VN
42,correto,P-incorreto,FN
42,correto,P-incorreto,FN
42,correto,P-incorreto,FN
43,correto,P-correto,VN
42,correto,P-incorreto,FN
43,correto,P-correto,VN
41,correto,P-correto,VN
46,incorreto,P-incorreto,VP
42,correto,P-incorreto,FN
42,correto,P-incorreto,FN
42,correto,P-incorreto,FN
42,correto,P-incorreto,FN
42,correto,P-incorreto,FN
42,correto,P-incorreto,FN
41,correto,P-correto,VN
42,correto,P-incorreto,FN
43,correto,P-correto,VN
42,correto,P-incorreto,FN
42,correto,P-incorreto,FN
43,correto,P-correto,VN
42,correto,P-incorreto,FN
42,correto,P-incorreto,FN
59,incorreto,P-incorreto,VP
50,incorreto,P-incorreto,VP
42,correto,P-incorreto,FN
42,correto,P-incorreto,FN
43,correto,P-correto,VN
42,correto,P-incorreto,FN
42,correto,P-incorreto,FN
42,correto,P-incorreto,FN
42,correto,P-incorreto,FN
31,incorreto,P-incorreto,VP
38,incorreto,P-incorreto,VP
43,correto,P-correto,VN
42,correto,P-incorreto,FN
42,correto,P-incorreto,FN
42,correto,P-incorreto,FN
42,correto,P-incorreto,FN
42,correto,P-incorreto,FN
42,correto,P-incorreto,FN
42,correto,P-incorreto,FN
42,correto,P-incorreto,FN
40,incorreto,P-incorreto,VP
42,correto,P-incorreto,FN
42,correto,P-incorreto,FN
41,correto,P-correto,VN
52,incorreto,P-incorreto,VP
42,correto,P-incorreto,FN
42,incorreto,P-incorreto,VP
42,correto,P-incorreto,FN
42,correto,P-incorreto,FN
42,correto,P-incorreto,FN
42,correto,P-incorreto,FN
42,correto,P-incorreto,FN
42,correto,P-incorreto,FN
42,correto,P-incorreto,FN
42,correto,P-incorreto,FN
42,correto,P-incorreto,FN
43,correto,P-correto,VN
43,correto,P-correto,VN
42,correto,P-incorreto,FN
42,correto,P-incorreto,FN
43,correto,P-correto,VN
42,correto,P-incorreto,FN
43,correto,P-correto,VN
42,correto,P-incorreto,FN
41,correto,P-correto,VN
41,incorreto,P-correto,FP
41,correto,P-correto,VN
42,correto,P-incorreto,FN
42,correto,P-incorreto,FN
42,correto,P-incorreto,FN
42,correto,P-incorreto,FN
41,correto,P-correto,VN
42,correto,P-incorreto,FN
42,correto,P-incorreto,FN
42,correto,P-incorreto,FN
42,correto,P-incorreto,FN
42,correto,P-incorreto,FN
42,correto,P-incorreto,FN
42,correto,P-incorreto,FN
43,correto,P-correto,VN
41,correto,P-correto,VN
43,correto,P-correto,VN
42,correto,P-incorreto,FN
42,correto,P-incorreto,FN
42,correto,P-incorreto,FN
42,correto,P-incorreto,FN
43,correto,P-correto,VN
42,correto,P-incorreto,FN
43,correto,P-correto,VN
42,correto,P-incorreto,FN
42,correto,P-incorreto,FN
42,correto,P-incorreto,FN
42,correto,P-incorreto,FN
42,correto,P-incorreto,FN
49,incorreto,P-incorreto,VP
42,correto,P-incorreto,FN
44,incorreto,P-correto,FP
42,correto,P-incorreto,FN
42,correto,P-incorreto,FN
42,correto,P-incorreto,FN
42,correto,P-incorreto,FN
42,correto,P-incorreto,FN
42,correto,P-incorreto,FN
42,correto,P-incorreto,FN
42,correto,P-incorreto,FN
42,correto,P-incorreto,FN
59,incorreto,P-incorreto,VP
42,correto,P-incorreto,FN
43,correto,P-correto,VN
42,correto,P-incorreto,FN
42,correto,P-incorreto,FN
42,correto,P-incorreto,FN
42,correto,P-incorreto,FN
41,correto,P-correto,VN
41,correto,P-correto,VN
43,correto,P-correto,VN
42,correto,P-incorreto,FN
42,correto,P-incorreto,FN
41,correto,P-correto,VN
43,correto,P-correto,VN
49,incorreto,P-incorreto,VP
43,correto,P-correto,VN
42,correto,P-incorreto,FN
34,incorreto,P-incorreto,VP
29,incorreto,P-incorreto,VP
36,incorreto,P-incorreto,VP
42,correto,P-incorreto,FN
42,correto,P-incorreto,FN
42,correto,P-incorreto,FN
42,correto,P-incorreto,FN
42,correto,P-incorreto,FN
42,correto,P-incorreto,FN
42,correto,P-incorreto,FN
42,correto,P-incorreto,FN
42,correto,P-incorreto,FN
43,correto,P-correto,VN
41,correto,P-correto,VN
41,correto,P-correto,VN
42,correto,P-incorreto,FN
42,correto,P-incorreto,FN
43,correto,P-correto,VN
28,incorreto,P-incorreto,VP
42,correto,P-incorreto,FN
41,correto,P-correto,VN
43,correto,P-correto,VN
42,correto,P-incorreto,FN
42,correto,P-incorreto,FN
42,correto,P-incorreto,FN
41,correto,P-correto,VN
42,correto,P-incorreto,FN
42,correto,P-incorreto,FN
43,correto,P-correto,VN
41,correto,P-correto,VN
42,correto,P-incorreto,FN
41,correto,P-correto,VN
41,correto,P-correto,VN
42,correto,P-incorreto,FN
42,correto,P-incorreto,FN
41,correto,P-correto,VN
42,correto,P-incorreto,FN
42,correto,P-incorreto,FN
42,correto,P-incorreto,FN
43,correto,P-correto,VN
42,correto,P-incorreto,FN
42,correto,P-incorreto,FN
42,correto,P-incorreto,FN
42,correto,P-incorreto,FN
42,correto,P-incorreto,FN
42,correto,P-incorreto,FN
41,correto,P-correto,VN
43,correto,P-correto,VN
42,correto,P-incorreto,FN
42,correto,P-incorreto,FN
42,correto,P-incorreto,FN
41,correto,P-correto,VN
41,correto,P-correto,VN
42,correto,P-incorreto,FN
43,correto,P-correto,VN
53,incorreto,P-incorreto,VP
27,incorreto,P-incorreto,VP
43,correto,P-correto,VN
42,correto,P-incorreto,FN
43,correto,P-correto,VN
42,correto,P-incorreto,FN
42,correto,P-incorreto,FN
43,correto,P-correto,VN
42,correto,P-incorreto,FN
42,correto,P-incorreto,FN
42,correto,P-incorreto,FN
27,incorreto,P-incorreto,VP
42,correto,P-incorreto,FN
53,incorreto,P-incorreto,VP
42,correto,P-incorreto,FN
42,correto,P-incorreto,FN
42,correto,P-incorreto,FN
41,correto,P-correto,VN
42,correto,P-incorreto,FN
42,correto,P-incorreto,FN
42,correto,P-incorreto,FN
42,correto,P-incorreto,FN
42,correto,P-incorreto,FN
41,correto,P-correto,VN
42,correto,P-incorreto,FN
42,correto,P-incorreto,FN
42,correto,P-incorreto,FN
42,correto,P-incorreto,FN
41,correto,P-correto,VN
42,correto,P-incorreto,FN
60,incorreto,P-incorreto,VP
43,correto,P-correto,VN
42,correto,P-incorreto,FN
29,incorreto,P-incorreto,VP
41,correto,P-correto,VN
41,correto,P-correto,VN
42,correto,P-incorreto,FN
42,correto,P-incorreto,FN
42,correto,P-incorreto,FN
42,correto,P-incorreto,FN
42,correto,P-incorreto,FN
41,correto,P-correto,VN
36,incorreto,P-incorreto,VP
42,correto,P-incorreto,FN
48,incorreto,P-incorreto,VP
41,correto,P-correto,VN
42,correto,P-incorreto,FN
42,correto,P-incorreto,FN
42,correto,P-incorreto,FN
42,correto,P-incorreto,FN
42,correto,P-incorreto,FN
41,correto,P-correto,VN
43,correto,P-correto,VN
43,correto,P-correto,VN
42,correto,P-incorreto,FN
42,correto,P-incorreto,FN
42,correto,P-incorreto,FN
42,correto,P-incorreto,FN
43,correto,P-correto,VN
42,correto,P-incorreto,FN
41,correto,P-correto,VN
42,correto,P-incorreto,FN
41,correto,P-correto,VN
42,correto,P-incorreto,FN
43,correto,P-correto,VN
42,correto,P-incorreto,FN
42,correto,P-incorreto,FN
42,correto,P-incorreto,FN
43,correto,P-correto,VN
42,correto,P-incorreto,FN
43,correto,P-correto,VN
40,incorreto,P-incorreto,VP
42,correto,P-incorreto,FN
43,correto,P-correto,VN
41,correto,P-correto,VN
42,correto,P-incorreto,FN
42,correto,P-incorreto,FN
42,correto,P-incorreto,FN
42,correto,P-incorreto,FN
42,correto,P-incorreto,FN
42,correto,P-incorreto,FN
42,correto,P-incorreto,FN
41,correto,P-correto,VN
42,correto,P-incorreto,FN
60,incorreto,P-incorreto,VP
42,correto,P-incorreto,FN
45,incorreto,P-incorreto,VP
42,correto,P-incorreto,FN
43,correto,P-correto,VN
41,correto,P-correto,VN
42,correto,P-incorreto,FN
43,correto,P-correto,VN
43,correto,P-correto,VN
41,incorreto,P-correto,FP
51,incorreto,P-incorreto,VP
42,correto,P-incorreto,FN
42,correto,P-incorreto,FN
43,correto,P-correto,VN
43,correto,P-correto,VN
42,correto,P-incorreto,FN
41,correto,P-correto,VN
41,correto,P-correto,VN
42,correto,P-incorreto,FN
43,correto,P-correto,VN
43,correto,P-correto,VN
42,correto,P-incorreto,FN
42,correto,P-incorreto,FN
42,correto,P-incorreto,FN
42,correto,P-incorreto,FN
42,correto,P-incorreto,FN
42,correto,P-incorreto,FN
42,correto,P-incorreto,FN
42,correto,P-incorreto,FN
43,correto,P-correto,VN
42,correto,P-incorreto,FN
43,correto,P-correto,VN
42,correto,P-incorreto,FN
42,correto,P-incorreto,FN
42,correto,P-incorreto,FN
42,correto,P-incorreto,FN
42,correto,P-incorreto,FN
42,correto,P-incorreto,FN
43,correto,P-correto,VN
43,correto,P-correto,VN
43,correto,P-correto,VN
41,correto,P-correto,VN
42,correto,P-incorreto,FN
43,correto,P-correto,VN
42,correto,P-incorreto,FN
42,correto,P-incorreto,FN
42,correto,P-incorreto,FN
42,correto,P-incorreto,FN
43,correto,P-correto,VN
41,correto,P-correto,VN
42,correto,P-incorreto,FN
41,correto,P-correto,VN
42,correto,P-incorreto,FN
42,correto,P-incorreto,FN
43,correto,P-correto,VN
45,incorreto,P-incorreto,VP
42,correto,P-incorreto,FN
42,correto,P-incorreto,FN
43,correto,P-correto,VN
43,correto,P-correto,VN
16,incorreto,P-incorreto,VP
42,correto,P-incorreto,FN
42,correto,P-incorreto,FN
42,correto,P-incorreto,FN
49,incorreto,P-incorreto,VP
42,correto,P-incorreto,FN
42,correto,P-incorreto,FN
41,correto,P-correto,VN
43,correto,P-correto,VN
41,correto,P-correto,VN
42,correto,P-incorreto,FN
42,correto,P-incorreto,FN
42,correto,P-incorreto,FN
18,incorreto,P-incorreto,VP
43,correto,P-correto,VN
42,correto,P-incorreto,FN
30,incorreto,P-incorreto,VP
42,correto,P-incorreto,FN
42,correto,P-incorreto,FN
43,correto,P-correto,VN
42,correto,P-incorreto,FN
42,correto,P-incorreto,FN
39,incorreto,P-incorreto,VP
41,correto,P-correto,VN
42,correto,P-incorreto,FN
42,correto,P-incorreto,FN
43,correto,P-correto,VN
43,correto,P-correto,VN
42,correto,P-incorreto,FN
41,correto,P-correto,VN
43,correto,P-correto,VN
42,correto,P-incorreto,FN
45,incorreto,P-incorreto,VP
42,correto,P-incorreto,FN
42,correto,P-incorreto,FN
42,correto,P-incorreto,FN
42,correto,P-incorreto,FN
42,correto,P-incorreto,FN
42,correto,P-incorreto,FN
27,incorreto,P-incorreto,VP
45,incorreto,P-incorreto,VP
42,correto,P-incorreto,FN
41,correto,P-correto,VN
53,incorreto,P-incorreto,VP
42,correto,P-incorreto,FN
42,correto,P-incorreto,FN
42,correto,P-incorreto,FN
43,correto,P-correto,VN
41,correto,P-correto,VN
42,correto,P-incorreto,FN
41,correto,P-correto,VN
42,correto,P-incorreto,FN
41,correto,P-correto,VN
42,correto,P-incorreto,FN
42,correto,P-incorreto,FN
42,correto,P-incorreto,FN
43,correto,P-correto,VN
42,correto,P-incorreto,FN
42,correto,P-incorreto,FN
43,correto,P-correto,VN
42,correto,P-incorreto,FN
42,correto,P-incorreto,FN
42,correto,P-incorreto,FN
42,correto,P-incorreto,FN
41,correto,P-correto,VN
42,correto,P-incorreto,FN
42,correto,P-incorreto,FN
42,correto,P-incorreto,FN
42,correto,P-incorreto,FN
42,correto,P-incorreto,FN
19,incorreto,P-incorreto,VP
42,correto,P-incorreto,FN
42,correto,P-incorreto,FN
41,correto,P-correto,VN
42,correto,P-incorreto,FN
42,correto,P-incorreto,FN
41,correto,P-correto,VN
42,correto,P-incorreto,FN
42,correto,P-incorreto,FN
42,correto,P-incorreto,FN
41,correto,P-correto,VN
43,correto,P-correto,VN
42,correto,P-incorreto,FN
42,correto,P-incorreto,FN
42,correto,P-incorreto,FN
42,correto,P-incorreto,FN
47,incorreto,P-incorreto,VP
42,correto,P-incorreto,FN
41,correto,P-correto,VN
42,correto,P-incorreto,FN
42,correto,P-incorreto,FN
42,correto,P-incorreto,FN
42,correto,P-incorreto,FN
41,correto,P-correto,VN
51,incorreto,P-incorreto,VP
42,correto,P-incorreto,FN
42,correto,P-incorreto,FN
42,correto,P-incorreto,FN
41,correto,P-correto,VN
42,correto,P-incorreto,FN
43,correto,P-correto,VN
42,correto,P-incorreto,FN
41,correto,P-correto,VN
43,correto,P-correto,VN
41,correto,P-correto,VN
42,correto,P-incorreto,FN
42,correto,P-incorreto,FN
43,correto,P-correto,VN
42,correto,P-incorreto,FN
42,correto,P-incorreto,FN
42,correto,P-incorreto,FN
42,correto,P-incorreto,FN
42,correto,P-incorreto,FN
43,correto,P-correto,VN
42,correto,P-incorreto,FN
42,correto,P-incorreto,FN
42,correto,P-incorreto,FN
41,correto,P-correto,VN
41,correto,P-correto,VN
42,correto,P-incorreto,FN
43,correto,P-correto,VN
41,correto,P-correto,VN
41,correto,P-correto,VN
42,correto,P-incorreto,FN
42,correto,P-incorreto,FN
42,correto,P-incorreto,FN
41,correto,P-correto,VN
42,correto,P-incorreto,FN
43,incorreto,P-correto,FP
42,correto,P-incorreto,FN
33,incorreto,P-incorreto,VP
42,correto,P-incorreto,FN
42,correto,P-incorreto,FN
42,correto,P-incorreto,FN
43,correto,P-correto,VN
42,correto,P-incorreto,FN
42,correto,P-incorreto,FN
42,correto,P-incorreto,FN
41,correto,P-correto,VN
42,correto,P-incorreto,FN
42,correto,P-incorreto,FN
42,correto,P-incorreto,FN
43,incorreto,P-correto,FP
42,correto,P-incorreto,FN
42,correto,P-incorreto,FN
41,correto,P-correto,VN
42,correto,P-incorreto,FN
43,correto,P-correto,VN
42,correto,P-incorreto,FN
43,correto,P-correto,VN
37,incorreto,P-incorreto,VP
42,correto,P-incorreto,FN
42,correto,P-incorreto,FN
42,correto,P-incorreto,FN
42,correto,P-incorreto,FN
41,correto,P-correto,VN
42,correto,P-incorreto,FN
41,correto,P-correto,VN
42,correto,P-incorreto,FN
42,correto,P-incorreto,FN
43,correto,P-correto,VN
42,correto,P-incorreto,FN
42,correto,P-incorreto,FN
46,incorreto,P-incorreto,VP
49,incorreto,P-incorreto,VP
41,correto,P-correto,VN
42,correto,P-incorreto,FN
42,correto,P-incorreto,FN
42,correto,P-incorreto,FN
42,correto,P-incorreto,FN
42,correto,P-incorreto,FN
42,correto,P-incorreto,FN
31,incorreto,P-incorreto,VP
39,incorreto,P-incorreto,VP
42,correto,P-incorreto,FN
42,correto,P-incorreto,FN
42,correto,P-incorreto,FN
42,correto,P-incorreto,FN
42,correto,P-incorreto,FN
43,correto,P-correto,VN
43,correto,P-correto,VN
43,correto,P-correto,VN
48,incorreto,P-incorreto,VP
42,correto,P-incorreto,FN
34,incorreto,P-incorreto,VP
41,correto,P-correto,VN
42,correto,P-incorreto,FN
42,correto,P-incorreto,FN
42,correto,P-incorreto,FN
43,correto,P-correto,VN
43,correto,P-correto,VN
70,incorreto,P-incorreto,VP
42,correto,P-incorreto,FN
42,correto,P-incorreto,FN
33,incorreto,P-incorreto,VP
41,correto,P-correto,VN
42,correto,P-incorreto,FN
42,correto,P-incorreto,FN
47,incorreto,P-incorreto,VP
43,correto,P-correto,VN
42,correto,P-incorreto,FN
27,incorreto,P-incorreto,VP
42,correto,P-incorreto,FN
42,correto,P-incorreto,FN
42,correto,P-incorreto,FN
37,incorreto,P-incorreto,VP
42,correto,P-incorreto,FN
42,correto,P-incorreto,FN
42,correto,P-incorreto,FN
42,correto,P-incorreto,FN
42,correto,P-incorreto,FN
41,correto,P-correto,VN
42,correto,P-incorreto,FN
41,correto,P-correto,VN
43,correto,P-correto,VN
42,correto,P-incorreto,FN
41,correto,P-correto,VN
43,correto,P-correto,VN
42,correto,P-incorreto,FN
41,correto,P-correto,VN
43,correto,P-correto,VN
42,correto,P-incorreto,FN
17,incorreto,P-incorreto,VP
42,correto,P-incorreto,FN
42,correto,P-incorreto,FN
42,correto,P-incorreto,FN
42,correto,P-incorreto,FN
41,incorreto,P-correto,FP
43,correto,P-correto,VN
43,correto,P-correto,VN
43,correto,P-correto,VN
42,correto,P-incorreto,FN
42,correto,P-incorreto,FN
42,correto,P-incorreto,FN
43,correto,P-correto,VN
42,correto,P-incorreto,FN
58,incorreto,P-incorreto,VP
42,correto,P-incorreto,FN
43,correto,P-correto,VN
42,correto,P-incorreto,FN
42,correto,P-incorreto,FN
43,correto,P-correto,VN
43,correto,P-correto,VN
42,correto,P-incorreto,FN
42,correto,P-incorreto,FN
42,correto,P-incorreto,FN
43,correto,P-correto,VN
42,correto,P-incorreto,FN
42,correto,P-incorreto,FN
41,correto,P-correto,VN
43,correto,P-correto,VN
21,incorreto,P-incorreto,VP
41,correto,P-correto,VN
41,correto,P-correto,VN
42,correto,P-incorreto,FN
42,correto,P-incorreto,FN
41,correto,P-correto,VN
42,correto,P-incorreto,FN
42,correto,P-incorreto,FN
42,correto,P-incorreto,FN
42,correto,P-incorreto,FN
42,correto,P-incorreto,FN
42,correto,P-incorreto,FN
41,correto,P-correto,VN
42,correto,P-incorreto,FN
43,correto,P-correto,VN
41,correto,P-correto,VN
42,correto,P-incorreto,FN
30,incorreto,P-incorreto,VP
43,correto,P-correto,VN
42,correto,P-incorreto,FN
42,correto,P-incorreto,FN
42,correto,P-incorreto,FN
42,correto,P-incorreto,FN
42,correto,P-incorreto,FN
42,correto,P-incorreto,FN
42,correto,P-incorreto,FN
42,correto,P-incorreto,FN
43,correto,P-correto,VN
42,correto,P-incorreto,FN
42,correto,P-incorreto,FN
43,correto,P-correto,VN
41,correto,P-correto,VN
41,correto,P-correto,VN
42,correto,P-incorreto,FN
42,correto,P-incorreto,FN
51,incorreto,P-incorreto,VP
42,correto,P-incorreto,FN
42,correto,P-incorreto,FN
42,correto,P-incorreto,FN
42,correto,P-incorreto,FN
43,correto,P-correto,VN
43,correto,P-correto,VN
42,correto,P-incorreto,FN
42,correto,P-incorreto,FN
42,correto,P-incorreto,FN
42,correto,P-incorreto,FN
42,correto,P-incorreto,FN
42,correto,P-incorreto,FN
42,correto,P-incorreto,FN
42,correto,P-incorreto,FN
42,correto,P-incorreto,FN
41,correto,P-correto,VN
41,correto,P-correto,VN
42,correto,P-incorreto,FN
42,correto,P-incorreto,FN
58,incorreto,P-incorreto,VP
42,correto,P-incorreto,FN
42,correto,P-incorreto,FN
41,correto,P-correto,VN
42,correto,P-incorreto,FN
48,incorreto,P-incorreto,VP
42,correto,P-incorreto,FN
43,correto,P-correto,VN
42,correto,P-incorreto,FN
42,correto,P-incorreto,FN
43,correto,P-correto,VN
42,correto,P-incorreto,FN
42,correto,P-incorreto,FN
42,correto,P-incorreto,FN
42,correto,P-incorreto,FN
42,correto,P-incorreto,FN
42,correto,P-incorreto,FN
43,correto,P-correto,VN
42,correto,P-incorreto,FN
42,correto,P-incorreto,FN
41,correto,P-correto,VN
42,correto,P-incorreto,FN
43,correto,P-correto,VN
42,correto,P-incorreto,FN
42,correto,P-incorreto,FN
42,correto,P-incorreto,FN
42,correto,P-incorreto,FN
42,correto,P-incorreto,FN
42,correto,P-incorreto,FN
41,correto,P-correto,VN
42,correto,P-incorreto,FN
43,correto,P-correto,VN
43,correto,P-correto,VN
42,correto,P-incorreto,FN
42,correto,P-incorreto,FN
43,correto,P-correto,VN
41,correto,P-correto,VN
43,correto,P-correto,VN
43,correto,P-correto,VN
42,correto,P-incorreto,FN
41,correto,P-correto,VN
42,correto,P-incorreto,FN
42,correto,P-incorreto,FN
47,incorreto,P-incorreto,VP
19,incorreto,P-incorreto,VP
42,correto,P-incorreto,FN
42,correto,P-incorreto,FN
42,correto,P-incorreto,FN
42,correto,P-incorreto,FN
42,correto,P-incorreto,FN
41,correto,P-correto,VN
43,correto,P-correto,VN
34,incorreto,P-incorreto,VP
42,correto,P-incorreto,FN
42,correto,P-incorreto,FN
41,correto,P-correto,VN
42,correto,P-incorreto,FN
43,correto,P-correto,VN
42,correto,P-incorreto,FN
41,correto,P-correto,VN
42,correto,P-incorreto,FN
42,correto,P-incorreto,FN
33,incorreto,P-incorreto,VP
42,correto,P-incorreto,FN
42,correto,P-incorreto,FN
42,correto,P-incorreto,FN
42,correto,P-incorreto,FN
43,correto,P-correto,VN
42,correto,P-incorreto,FN
42,correto,P-incorreto,FN
42,correto,P-incorreto,FN
51,incorreto,P-incorreto,VP
41,correto,P-correto,VN
42,correto,P-incorreto,FN
43,correto,P-correto,VN
43,correto,P-correto,VN
42,correto,P-incorreto,FN
42,correto,P-incorreto,FN
42,correto,P-incorreto,FN
43,correto,P-correto,VN
43,correto,P-correto,VN
43,correto,P-correto,VN
42,correto,P-incorreto,FN
42,correto,P-incorreto,FN
41,correto,P-correto,VN
42,correto,P-incorreto,FN
42,correto,P-incorreto,FN
42,correto,P-incorreto,FN
42,correto,P-incorreto,FN
42,correto,P-incorreto,FN
33,incorreto,P-incorreto,VP
33,incorreto,P-incorreto,VP
42,correto,P-incorreto,FN
43,correto,P-correto,VN
42,correto,P-incorreto,FN
42,correto,P-incorreto,FN
42,correto,P-incorreto,FN
41,correto,P-correto,VN
42,correto,P-incorreto,FN
18,incorreto,P-incorreto,VP
42,correto,P-incorreto,FN
42,correto,P-incorreto,FN
41,correto,P-correto,VN
42,correto,P-incorreto,FN
42,correto,P-incorreto,FN
42,correto,P-incorreto,FN
42,correto,P-incorreto,FN
41,correto,P-correto,VN
42,correto,P-incorreto,FN
42,correto,P-incorreto,FN
41,correto,P-correto,VN
42,correto,P-incorreto,FN
42,correto,P-incorreto,FN
42,correto,P-incorreto,FN
42,correto,P-incorreto,FN
42,correto,P-incorreto,FN
43,correto,P-correto,VN
43,correto,P-correto,VN
42,correto,P-incorreto,FN
43,correto,P-correto,VN
42,correto,P-incorreto,FN
42,correto,P-incorreto,FN
42,correto,P-incorreto,FN
42,correto,P-incorreto,FN
41,incorreto,P-correto,FP
42,correto,P-incorreto,FN
42,correto,P-incorreto,FN
42,correto,P-incorreto,FN
41,correto,P-correto,VN
42,correto,P-incorreto,FN
42,correto,P-incorreto,FN
43,correto,P-correto,VN
42,correto,P-incorreto,FN
41,correto,P-correto,VN
41,correto,P-correto,VN
42,correto,P-incorreto,FN
43,correto,P-correto,VN
41,correto,P-correto,VN
43,correto,P-correto,VN
42,correto,P-incorreto,FN
42,correto,P-incorreto,FN
43,correto,P-correto,VN
42,correto,P-incorreto,FN
42,correto,P-incorreto,FN
42,correto,P-incorreto,FN
42,correto,P-incorreto,FN
42,correto,P-incorreto,FN
42,correto,P-incorreto,FN
42,correto,P-incorreto,FN
43,correto,P-correto,VN
30,incorreto,P-incorreto,VP
42,correto,P-incorreto,FN
42,correto,P-incorreto,FN
31,incorreto,P-incorreto,VP
42,correto,P-incorreto,FN
48,incorreto,P-incorreto,VP
41,correto,P-correto,VN
42,correto,P-incorreto,FN
42,correto,P-incorreto,FN
41,correto,P-correto,VN
43,correto,P-correto,VN
38,incorreto,P-incorreto,VP
42,correto,P-incorreto,FN
42,correto,P-incorreto,FN
43,correto,P-correto,VN
42,correto,P-incorreto,FN
42,correto,P-incorreto,FN
42,correto,P-incorreto,FN
42,correto,P-incorreto,FN
41,correto,P-correto,VN
42,correto,P-incorreto,FN
42,correto,P-incorreto,FN
41,correto,P-correto,VN
43,correto,P-correto,VN
42,correto,P-incorreto,FN
42,correto,P-incorreto,FN
43,correto,P-correto,VN
42,correto,P-incorreto,FN
42,correto,P-incorreto,FN
43,correto,P-correto,VN
42,correto,P-incorreto,FN
43,incorreto,P-correto,FP
41,correto,P-correto,VN
41,correto,P-correto,VN
43,correto,P-correto,VN
42,correto,P-incorreto,FN
42,correto,P-incorreto,FN
42,correto,P-incorreto,FN
42,correto,P-incorreto,FN
43,correto,P-correto,VN
42,correto,P-incorreto,FN
43,correto,P-correto,VN
42,correto,P-incorreto,FN
43,incorreto,P-correto,FP
42,correto,P-incorreto,FN
42,correto,P-incorreto,FN
42,correto,P-incorreto,FN
41,correto,P-correto,VN
42,correto,P-incorreto,FN
42,correto,P-incorreto,FN
43,correto,P-correto,VN
40,incorreto,P-incorreto,VP
42,correto,P-incorreto,FN
42,correto,P-incorreto,FN
42,correto,P-incorreto,FN
42,correto,P-incorreto,FN
60,incorreto,P-incorreto,VP
42,correto,P-incorreto,FN
43,correto,P-correto,VN
42,correto,P-incorreto,FN
43,correto,P-correto,VN
42,correto,P-incorreto,FN
42,correto,P-incorreto,FN
42,correto,P-incorreto,FN
42,correto,P-incorreto,FN
41,correto,P-correto,VN
42,correto,P-incorreto,FN
42,correto,P-incorreto,FN
42,correto,P-incorreto,FN
42,correto,P-incorreto,FN
35,incorreto,P-incorreto,VP
42,correto,P-incorreto,FN
42,correto,P-incorreto,FN
42,correto,P-incorreto,FN
41,correto,P-correto,VN
42,correto,P-incorreto,FN
43,correto,P-correto,VN
44,correto,P-correto,VN
43,correto,P-correto,VN
41,correto,P-correto,VN
42,correto,P-incorreto,FN
42,correto,P-incorreto,FN
42,correto,P-incorreto,FN
41,correto,P-correto,VN
43,correto,P-correto,VN
43,correto,P-correto,VN
43,correto,P-correto,VN
42,correto,P-incorreto,FN
42,correto,P-incorreto,FN
41,correto,P-correto,VN
43,correto,P-correto,VN
42,correto,P-incorreto,FN
42,correto,P-incorreto,FN
42,correto,P-incorreto,FN
42,correto,P-incorreto,FN
42,correto,P-incorreto,FN
41,correto,P-correto,VN
42,correto,P-incorreto,FN
42,correto,P-incorreto,FN
42,correto,P-incorreto,FN
41,correto,P-correto,VN
42,correto,P-incorreto,FN
42,correto,P-incorreto,FN
43,correto,P-correto,VN
42,correto,P-incorreto,FN
42,correto,P-incorreto,FN
36,incorreto,P-incorreto,VP
42,correto,P-incorreto,FN
42,correto,P-incorreto,FN
41,correto,P-correto,VN
42,correto,P-incorreto,FN
42,correto,P-incorreto,FN
29,incorreto,P-incorreto,VP
42,correto,P-incorreto,FN
43,correto,P-correto,VN
42,correto,P-incorreto,FN
42,correto,P-incorreto,FN
43,correto,P-correto,VN
42,correto,P-incorreto,FN
42,correto,P-incorreto,FN
42,correto,P-incorreto,FN
26,incorreto,P-incorreto,VP
44,incorreto,P-correto,FP
43,correto,P-correto,VN
42,correto,P-incorreto,FN
42,correto,P-incorreto,FN
42,correto,P-incorreto,FN
42,correto,P-incorreto,FN
43,correto,P-correto,VN
42,correto,P-incorreto,FN
42,correto,P-incorreto,FN
42,correto,P-incorreto,FN
42,correto,P-incorreto,FN
42,correto,P-incorreto,FN
42,correto,P-incorreto,FN
31,incorreto,P-incorreto,VP
42,correto,P-incorreto,FN
42,correto,P-incorreto,FN
42,correto,P-incorreto,FN
42,correto,P-incorreto,FN
42,correto,P-incorreto,FN
42,correto,P-incorreto,FN
43,correto,P-correto,VN
43,correto,P-correto,VN
42,correto,P-incorreto,FN
42,correto,P-incorreto,FN
42,correto,P-incorreto,FN
42,correto,P-incorreto,FN
42,correto,P-incorreto,FN
42,correto,P-incorreto,FN
38,incorreto,P-incorreto,VP
41,correto,P-correto,VN
42,correto,P-incorreto,FN
52,incorreto,P-incorreto,VP
41,correto,P-correto,VN
42,correto,P-incorreto,FN
42,correto,P-incorreto,FN
42,correto,P-incorreto,FN
42,correto,P-incorreto,FN
43,correto,P-correto,VN
43,correto,P-correto,VN
42,correto,P-incorreto,FN
42,correto,P-incorreto,FN
43,correto,P-correto,VN
42,correto,P-incorreto,FN
42,correto,P-incorreto,FN
41,correto,P-correto,VN
42,correto,P-incorreto,FN
42,correto,P-incorreto,FN
43,correto,P-correto,VN
41,correto,P-correto,VN
42,correto,P-incorreto,FN
42,correto,P-incorreto,FN
42,correto,P-incorreto,FN
41,correto,P-correto,VN
44,correto,P-correto,VN
43,correto,P-correto,VN
44,correto,P-correto,VN
42,correto,P-incorreto,FN
42,correto,P-incorreto,FN
42,correto,P-incorreto,FN
43,correto,P-correto,VN
42,correto,P-incorreto,FN
42,correto,P-incorreto,FN
41,correto,P-correto,VN
42,correto,P-incorreto,FN
43,correto,P-correto,VN
42,correto,P-incorreto,FN
42,correto,P-incorreto,FN
44,correto,P-correto,VN
42,correto,P-incorreto,FN
41,correto,P-correto,VN
43,correto,P-correto,VN
43,correto,P-correto,VN
42,correto,P-incorreto,FN
42,correto,P-incorreto,FN
42,correto,P-incorreto,FN
42,correto,P-incorreto,FN
43,correto,P-correto,VN
42,correto,P-incorreto,FN
22,incorreto,P-incorreto,VP
42,correto,P-incorreto,FN
21,incorreto,P-incorreto,VP
42,correto,P-incorreto,FN
42,correto,P-incorreto,FN
42,correto,P-incorreto,FN
43,correto,P-correto,VN
42,correto,P-incorreto,FN
42,correto,P-incorreto,FN
42,correto,P-incorreto,FN
42,correto,P-incorreto,FN
42,correto,P-incorreto,FN
42,correto,P-incorreto,FN
42,correto,P-incorreto,FN
41,correto,P-correto,VN
41,correto,P-correto,VN
42,correto,P-incorreto,FN
42,correto,P-incorreto,FN
42,correto,P-incorreto,FN
42,correto,P-incorreto,FN
42,correto,P-incorreto,FN
37,incorreto,P-incorreto,VP
42,correto,P-incorreto,FN
43,correto,P-correto,VN
41,correto,P-correto,VN
41,incorreto,P-correto,FP
43,correto,P-correto,VN
42,correto,P-incorreto,FN
42,correto,P-incorreto,FN
42,correto,P-incorreto,FN
43,correto,P-correto,VN
42,correto,P-incorreto,FN
42,correto,P-incorreto,FN
42,correto,P-incorreto,FN
41,correto,P-correto,VN
42,correto,P-incorreto,FN
41,correto,P-correto,VN
41,correto,P-correto,VN
41,correto,P-correto,VN
43,correto,P-correto,VN
42,correto,P-incorreto,FN
42,correto,P-incorreto,FN
42,correto,P-incorreto,FN
43,correto,P-correto,VN
42,correto,P-incorreto,FN
42,correto,P-incorreto,FN
43,correto,P-correto,VN
42,correto,P-incorreto,FN
42,correto,P-incorreto,FN
42,correto,P-incorreto,FN
42,correto,P-incorreto,FN
42,correto,P-incorreto,FN
42,correto,P-incorreto,FN
41,correto,P-correto,VN
42,correto,P-incorreto,FN
42,correto,P-incorreto,FN
42,correto,P-incorreto,FN
42,correto,P-incorreto,FN
42,correto,P-incorreto,FN
43,correto,P-correto,VN
42,correto,P-incorreto,FN
42,correto,P-incorreto,FN
42,correto,P-incorreto,FN
42,correto,P-incorreto,FN
42,correto,P-incorreto,FN
42,correto,P-incorreto,FN
41,correto,P-correto,VN
42,correto,P-incorreto,FN
42,correto,P-incorreto,FN
42,correto,P-incorreto,FN
42,correto,P-incorreto,FN
31,incorreto,P-incorreto,VP
42,correto,P-incorreto,FN
42,correto,P-incorreto,FN
43,correto,P-correto,VN
43,correto,P-correto,VN
42,correto,P-incorreto,FN
42,correto,P-incorreto,FN
42,correto,P-incorreto,FN
42,correto,P-incorreto,FN
43,correto,P-correto,VN
42,incorreto,P-incorreto,VP
42,correto,P-incorreto,FN
40,correto,P-incorreto,FN
42,correto,P-incorreto,FN
41,correto,P-correto,VN
42,correto,P-incorreto,FN
41,correto,P-correto,VN
42,correto,P-incorreto,FN
42,correto,P-incorreto,FN
42,correto,P-incorreto,FN
42,correto,P-incorreto,FN
42,correto,P-incorreto,FN
42,correto,P-incorreto,FN
41,correto,P-correto,VN
42,correto,P-incorreto,FN
42,correto,P-incorreto,FN
43,correto,P-correto,VN
42,correto,P-incorreto,FN
41,correto,P-correto,VN
41,correto,P-correto,VN
41,correto,P-correto,VN
43,correto,P-correto,VN
42,correto,P-incorreto,FN
41,correto,P-correto,VN
42,correto,P-incorreto,FN
42,correto,P-incorreto,FN
41,correto,P-correto,VN
42,correto,P-incorreto,FN
42,correto,P-incorreto,FN
42,correto,P-incorreto,FN
42,correto,P-incorreto,FN
42,correto,P-incorreto,FN
42,correto,P-incorreto,FN
42,correto,P-incorreto,FN
42,correto,P-incorreto,FN
42,correto,P-incorreto,FN
42,correto,P-incorreto,FN
42,correto,P-incorreto,FN
42,correto,P-incorreto,FN
42,correto,P-incorreto,FN
43,correto,P-correto,VN
42,correto,P-incorreto,FN
42,correto,P-incorreto,FN
42,correto,P-incorreto,FN
42,correto,P-incorreto,FN
42,correto,P-incorreto,FN
42,correto,P-incorreto,FN
26,incorreto,P-incorreto,VP
42,correto,P-incorreto,FN
41,correto,P-correto,VN
42,correto,P-incorreto,FN
43,correto,P-correto,VN
41,correto,P-correto,VN
42,correto,P-incorreto,FN
43,correto,P-correto,VN
40,incorreto,P-incorreto,VP
42,correto,P-incorreto,FN
42,correto,P-incorreto,FN
42,correto,P-incorreto,FN
41,correto,P-correto,VN
42,correto,P-incorreto,FN
42,correto,P-incorreto,FN
42,correto,P-incorreto,FN
43,correto,P-correto,VN
43,correto,P-correto,VN
42,correto,P-incorreto,FN
42,correto,P-incorreto,FN
42,correto,P-incorreto,FN
32,incorreto,P-incorreto,VP
42,correto,P-incorreto,FN
42,correto,P-incorreto,FN
42,correto,P-incorreto,FN
43,correto,P-correto,VN
42,correto,P-incorreto,FN
42,correto,P-incorreto,FN
42,correto,P-incorreto,FN
51,incorreto,P-incorreto,VP
42,correto,P-incorreto,FN
26,incorreto,P-incorreto,VP
43,correto,P-correto,VN
42,correto,P-incorreto,FN
42,correto,P-incorreto,FN
42,correto,P-incorreto,FN
42,correto,P-incorreto,FN
42,correto,P-incorreto,FN
42,correto,P-incorreto,FN
23,incorreto,P-incorreto,VP
42,incorreto,P-incorreto,VP
42,correto,P-incorreto,FN
42,correto,P-incorreto,FN
42,correto,P-incorreto,FN
42,correto,P-incorreto,FN
42,correto,P-incorreto,FN
42,correto,P-incorreto,FN
42,correto,P-incorreto,FN
42,correto,P-incorreto,FN
34,incorreto,P-incorreto,VP
42,correto,P-incorreto,FN
42,correto,P-incorreto,FN
42,correto,P-incorreto,FN
42,correto,P-incorreto,FN
42,correto,P-incorreto,FN
43,correto,P-correto,VN
43,correto,P-correto,VN
43,correto,P-correto,VN
41,correto,P-correto,VN
42,correto,P-incorreto,FN
41,correto,P-correto,VN
42,correto,P-incorreto,FN
42,correto,P-incorreto,FN
42,correto,P-incorreto,FN
43,correto,P-correto,VN
42,correto,P-incorreto,FN
41,correto,P-correto,VN
42,correto,P-incorreto,FN
42,correto,P-incorreto,FN
43,correto,P-correto,VN
42,correto,P-incorreto,FN
42,correto,P-incorreto,FN
43,correto,P-correto,VN
42,correto,P-incorreto,FN
42,correto,P-incorreto,FN
33,incorreto,P-incorreto,VP
41,correto,P-correto,VN
42,correto,P-incorreto,FN
42,correto,P-incorreto,FN
43,correto,P-correto,VN
42,correto,P-incorreto,FN
42,correto,P-incorreto,FN
42,correto,P-incorreto,FN
42,correto,P-incorreto,FN
41,correto,P-correto,VN
42,correto,P-incorreto,FN
42,correto,P-incorreto,FN
43,correto,P-correto,VN
42,correto,P-incorreto,FN
48,incorreto,P-incorreto,VP
42,correto,P-incorreto,FN
43,correto,P-correto,VN
41,correto,P-correto,VN
42,correto,P-incorreto,FN
43,correto,P-correto,VN
42,correto,P-incorreto,FN
42,correto,P-incorreto,FN
43,correto,P-correto,VN
42,correto,P-incorreto,FN
42,correto,P-incorreto,FN
42,correto,P-incorreto,FN
42,correto,P-incorreto,FN
42,correto,P-incorreto,FN
42,correto,P-incorreto,FN
42,correto,P-incorreto,FN
41,correto,P-correto,VN
41,correto,P-correto,VN
38,incorreto,P-incorreto,VP
42,correto,P-incorreto,FN
32,incorreto,P-incorreto,VP
42,correto,P-incorreto,FN
43,correto,P-correto,VN
42,correto,P-incorreto,FN
42,correto,P-incorreto,FN
42,correto,P-incorreto,FN
42,correto,P-incorreto,FN
42,correto,P-incorreto,FN
43,correto,P-correto,VN
42,correto,P-incorreto,FN
43,correto,P-correto,VN
42,correto,P-incorreto,FN
42,correto,P-incorreto,FN
32,incorreto,P-incorreto,VP
43,correto,P-correto,VN
42,correto,P-incorreto,FN
43,correto,P-correto,VN
41,correto,P-correto,VN
42,correto,P-incorreto,FN
42,correto,P-incorreto,FN
42,correto,P-incorreto,FN
41,correto,P-correto,VN
42,correto,P-incorreto,FN
42,correto,P-incorreto,FN
42,correto,P-incorreto,FN
41,correto,P-correto,VN
41,correto,P-correto,VN
43,correto,P-correto,VN
42,correto,P-incorreto,FN
42,correto,P-incorreto,FN
42,correto,P-incorreto,FN
42,correto,P-incorreto,FN
41,correto,P-correto,VN
42,correto,P-incorreto,FN
42,incorreto,P-incorreto,VP
42,correto,P-incorreto,FN
43,correto,P-correto,VN
42,correto,P-incorreto,FN
42,correto,P-incorreto,FN
42,correto,P-incorreto,FN
42,correto,P-incorreto,FN
43,correto,P-correto,VN
42,correto,P-incorreto,FN
42,correto,P-incorreto,FN
42,correto,P-incorreto,FN
42,correto,P-incorreto,FN
42,correto,P-incorreto,FN
42,correto,P-incorreto,FN
42,correto,P-incorreto,FN
41,correto,P-correto,VN
42,correto,P-incorreto,FN
42,correto,P-incorreto,FN
42,correto,P-incorreto,FN
43,correto,P-correto,VN
41,correto,P-correto,VN
42,correto,P-incorreto,FN
41,correto,P-correto,VN
42,correto,P-incorreto,FN
42,correto,P-incorreto,FN
42,correto,P-incorreto,FN
42,correto,P-incorreto,FN
42,correto,P-incorreto,FN
42,correto,P-incorreto,FN
51,incorreto,P-incorreto,VP
43,correto,P-correto,VN
41,correto,P-correto,VN
42,correto,P-incorreto,FN
46,incorreto,P-incorreto,VP
42,correto,P-incorreto,FN
42,correto,P-incorreto,FN
42,correto,P-incorreto,FN
27,incorreto,P-incorreto,VP
42,correto,P-incorreto,FN
42,correto,P-incorreto,FN
41,correto,P-correto,VN
43,correto,P-correto,VN
42,correto,P-incorreto,FN
43,correto,P-correto,VN
42,correto,P-incorreto,FN
43,correto,P-correto,VN
42,correto,P-incorreto,FN
43,correto,P-correto,VN
43,correto,P-correto,VN
48,incorreto,P-incorreto,VP
42,correto,P-incorreto,FN
42,correto,P-incorreto,FN
43,correto,P-correto,VN
42,correto,P-incorreto,FN
43,correto,P-correto,VN
41,correto,P-correto,VN
42,correto,P-incorreto,FN
42,correto,P-incorreto,FN
42,correto,P-incorreto,FN
42,correto,P-incorreto,FN
43,correto,P-correto,VN
42,correto,P-incorreto,FN
29,incorreto,P-incorreto,VP
42,correto,P-incorreto,FN
42,correto,P-incorreto,FN
41,correto,P-correto,VN
43,correto,P-correto,VN
43,correto,P-correto,VN
42,correto,P-incorreto,FN
26,incorreto,P-incorreto,VP
41,correto,P-correto,VN
42,correto,P-incorreto,FN
41,correto,P-correto,VN
42,correto,P-incorreto,FN
42,correto,P-incorreto,FN
42,correto,P-incorreto,FN
43,correto,P-correto,VN
43,correto,P-correto,VN
38,incorreto,P-incorreto,VP
42,correto,P-incorreto,FN
42,correto,P-incorreto,FN
42,correto,P-incorreto,FN
47,incorreto,P-incorreto,VP
24,incorreto,P-incorreto,VP
41,correto,P-correto,VN
41,correto,P-correto,VN
42,correto,P-incorreto,FN
42,correto,P-incorreto,FN
42,correto,P-incorreto,FN
42,correto,P-incorreto,FN
42,correto,P-incorreto,FN
42,correto,P-incorreto,FN
42,correto,P-incorreto,FN
42,correto,P-incorreto,FN
68,incorreto,P-incorreto,VP
41,correto,P-correto,VN
42,correto,P-incorreto,FN
42,correto,P-incorreto,FN
42,correto,P-incorreto,FN
43,correto,P-correto,VN
39,incorreto,P-incorreto,VP
42,correto,P-incorreto,FN
42,correto,P-incorreto,FN
43,correto,P-correto,VN
42,correto,P-incorreto,FN
43,correto,P-correto,VN
42,correto,P-incorreto,FN
42,correto,P-incorreto,FN
42,correto,P-incorreto,FN
42,correto,P-incorreto,FN
42,correto,P-incorreto,FN
42,correto,P-incorreto,FN
42,correto,P-incorreto,FN
42,correto,P-incorreto,FN
42,correto,P-incorreto,FN
42,correto,P-incorreto,FN
42,correto,P-incorreto,FN
42,correto,P-incorreto,FN
41,correto,P-correto,VN
42,correto,P-incorreto,FN
42,correto,P-incorreto,FN
43,correto,P-correto,VN
42,correto,P-incorreto,FN
41,correto,P-correto,VN
43,correto,P-correto,VN
42,correto,P-incorreto,FN
42,correto,P-incorreto,FN
42,correto,P-incorreto,FN
42,correto,P-incorreto,FN
42,correto,P-incorreto,FN
43,correto,P-correto,VN
41,correto,P-correto,VN
42,correto,P-incorreto,FN
42,correto,P-incorreto,FN
43,correto,P-correto,VN
43,correto,P-correto,VN
42,correto,P-incorreto,FN
42,correto,P-incorreto,FN
42,correto,P-incorreto,FN
42,correto,P-incorreto,FN
42,correto,P-incorreto,FN
42,correto,P-incorreto,FN
42,correto,P-incorreto,FN
42,correto,P-incorreto,FN
42,correto,P-incorreto,FN
22,incorreto,P-incorreto,VP
43,correto,P-correto,VN
43,correto,P-correto,VN
42,correto,P-incorreto,FN
42,correto,P-incorreto,FN
41,correto,P-correto,VN
42,correto,P-incorreto,FN
43,correto,P-correto,VN
43,correto,P-correto,VN
41,correto,P-correto,VN
42,correto,P-incorreto,FN
42,correto,P-incorreto,FN
42,correto,P-incorreto,FN
42,correto,P-incorreto,FN
39,incorreto,P-incorreto,VP
42,correto,P-incorreto,FN
41,incorreto,P-correto,FP
42,correto,P-incorreto,FN
41,correto,P-correto,VN
42,correto,P-incorreto,FN
42,correto,P-incorreto,FN
42,correto,P-incorreto,FN
42,correto,P-incorreto,FN
41,correto,P-correto,VN
42,correto,P-incorreto,FN
42,correto,P-incorreto,FN
43,correto,P-correto,VN
42,correto,P-incorreto,FN
43,correto,P-correto,VN
43,correto,P-correto,VN
41,correto,P-correto,VN
42,correto,P-incorreto,FN
41,correto,P-correto,VN
41,correto,P-correto,VN
42,correto,P-incorreto,FN
42,correto,P-incorreto,FN
46,incorreto,P-incorreto,VP
43,correto,P-correto,VN
41,correto,P-correto,VN
43,correto,P-correto,VN
42,correto,P-incorreto,FN
42,correto,P-incorreto,FN
42,correto,P-incorreto,FN
43,correto,P-correto,VN
42,correto,P-incorreto,FN
43,correto,P-correto,VN
42,correto,P-incorreto,FN
42,correto,P-incorreto,FN
42,correto,P-incorreto,FN
42,correto,P-incorreto,FN
42,correto,P-incorreto,FN
42,correto,P-incorreto,FN
34,incorreto,P-incorreto,VP
41,correto,P-correto,VN
42,correto,P-incorreto,FN
43,incorreto,P-correto,FP
42,correto,P-incorreto,FN
56,incorreto,P-incorreto,VP
42,correto,P-incorreto,FN
42,correto,P-incorreto,FN
26,incorreto,P-incorreto,VP
52,incorreto,P-incorreto,VP
42,correto,P-incorreto,FN
48,incorreto,P-incorreto,VP
41,correto,P-correto,VN
43,correto,P-correto,VN
42,correto,P-incorreto,FN
42,correto,P-incorreto,FN
38,incorreto,P-incorreto,VP
42,correto,P-incorreto,FN
43,correto,P-correto,VN
42,correto,P-incorreto,FN
53,incorreto,P-incorreto,VP
42,correto,P-incorreto,FN
42,correto,P-incorreto,FN
42,correto,P-incorreto,FN
40,incorreto,P-incorreto,VP
42,correto,P-incorreto,FN
42,correto,P-incorreto,FN
42,correto,P-incorreto,FN
42,correto,P-incorreto,FN
42,correto,P-incorreto,FN
42,correto,P-incorreto,FN
42,correto,P-incorreto,FN
42,correto,P-incorreto,FN
42,correto,P-incorreto,FN
42,correto,P-incorreto,FN
42,correto,P-incorreto,FN
41,correto,P-correto,VN
42,correto,P-incorreto,FN
42,correto,P-incorreto,FN
42,correto,P-incorreto,FN
42,correto,P-incorreto,FN
43,correto,P-correto,VN
42,correto,P-incorreto,FN
42,correto,P-incorreto,FN
41,correto,P-correto,VN
42,incorreto,P-incorreto,VP
42,correto,P-incorreto,FN
42,correto,P-incorreto,FN
44,incorreto,P-correto,FP
42,correto,P-incorreto,FN
41,correto,P-correto,VN
42,correto,P-incorreto,FN
42,correto,P-incorreto,FN
42,correto,P-incorreto,FN
48,incorreto,P-incorreto,VP
42,correto,P-incorreto,FN
43,correto,P-correto,VN
42,correto,P-incorreto,FN
42,correto,P-incorreto,FN
43,correto,P-correto,VN
42,correto,P-incorreto,FN
42,correto,P-incorreto,FN
42,correto,P-incorreto,FN
42,correto,P-incorreto,FN
42,correto,P-incorreto,FN
42,correto,P-incorreto,FN
42,correto,P-incorreto,FN
42,correto,P-incorreto,FN
42,correto,P-incorreto,FN
23,incorreto,P-incorreto,VP
42,correto,P-incorreto,FN
45,incorreto,P-incorreto,VP
42,correto,P-incorreto,FN
43,correto,P-correto,VN
42,correto,P-incorreto,FN
43,correto,P-correto,VN
42,correto,P-incorreto,FN
42,correto,P-incorreto,FN
42,correto,P-incorreto,FN
42,correto,P-incorreto,FN
42,correto,P-incorreto,FN
41,correto,P-correto,VN
42,correto,P-incorreto,FN
42,correto,P-incorreto,FN
42,correto,P-incorreto,FN
41,correto,P-correto,VN
42,correto,P-incorreto,FN
41,correto,P-correto,VN
43,correto,P-correto,VN
42,correto,P-incorreto,FN
42,correto,P-incorreto,FN
42,correto,P-incorreto,FN
43,correto,P-correto,VN
42,correto,P-incorreto,FN
42,correto,P-incorreto,FN
43,correto,P-correto,VN
42,correto,P-incorreto,FN
42,correto,P-incorreto,FN
43,correto,P-correto,VN
42,correto,P-incorreto,FN
42,correto,P-incorreto,FN
42,correto,P-incorreto,FN
41,correto,P-correto,VN
42,correto,P-incorreto,FN
42,correto,P-incorreto,FN
42,correto,P-incorreto,FN
42,correto,P-incorreto,FN
42,correto,P-incorreto,FN
42,correto,P-incorreto,FN
42,correto,P-incorreto,FN
42,correto,P-incorreto,FN
42,correto,P-incorreto,FN
42,correto,P-incorreto,FN
27,incorreto,P-incorreto,VP
42,correto,P-incorreto,FN
42,correto,P-incorreto,FN
42,correto,P-incorreto,FN
42,correto,P-incorreto,FN
42,correto,P-incorreto,FN
42,correto,P-incorreto,FN
57,incorreto,P-incorreto,VP
41,correto,P-correto,VN
41,correto,P-correto,VN
42,correto,P-incorreto,FN
51,incorreto,P-incorreto,VP
43,correto,P-correto,VN
41,correto,P-correto,VN
42,correto,P-incorreto,FN
42,correto,P-incorreto,FN
43,correto,P-correto,VN
42,correto,P-incorreto,FN
42,correto,P-incorreto,FN
41,correto,P-correto,VN
42,correto,P-incorreto,FN
42,correto,P-incorreto,FN
42,correto,P-incorreto,FN
42,correto,P-incorreto,FN
42,correto,P-incorreto,FN
42,correto,P-incorreto,FN
43,correto,P-correto,VN
41,correto,P-correto,VN
42,correto,P-incorreto,FN
43,correto,P-correto,VN
42,correto,P-incorreto,FN
42,correto,P-incorreto,FN
41,correto,P-correto,VN
42,correto,P-incorreto,FN
43,correto,P-correto,VN
42,correto,P-incorreto,FN
54,incorreto,P-incorreto,VP
43,correto,P-correto,VN
42,correto,P-incorreto,FN
36,incorreto,P-incorreto,VP
43,correto,P-correto,VN
41,correto,P-correto,VN
42,correto,P-incorreto,FN
43,correto,P-correto,VN
43,incorreto,P-correto,FP
42,correto,P-incorreto,FN
42,correto,P-incorreto,FN
42,correto,P-incorreto,FN
42,correto,P-incorreto,FN
42,correto,P-incorreto,FN
42,correto,P-incorreto,FN
42,correto,P-incorreto,FN
42,correto,P-incorreto,FN
42,correto,P-incorreto,FN
41,correto,P-correto,VN
43,correto,P-correto,VN
43,correto,P-correto,VN
43,correto,P-correto,VN
29,incorreto,P-incorreto,VP
42,correto,P-incorreto,FN
41,correto,P-correto,VN
42,correto,P-incorreto,FN
41,correto,P-correto,VN
42,correto,P-incorreto,FN
42,correto,P-incorreto,FN
42,correto,P-incorreto,FN
41,correto,P-correto,VN
42,correto,P-incorreto,FN
42,correto,P-incorreto,FN
42,correto,P-incorreto,FN
31,incorreto,P-incorreto,VP
42,correto,P-incorreto,FN
47,incorreto,P-incorreto,VP
42,correto,P-incorreto,FN
41,correto,P-correto,VN
41,correto,P-correto,VN
42,correto,P-incorreto,FN
42,correto,P-incorreto,FN
42,correto,P-incorreto,FN
43,correto,P-correto,VN
42,correto,P-incorreto,FN
42,correto,P-incorreto,FN
42,correto,P-incorreto,FN
42,correto,P-incorreto,FN
42,correto,P-incorreto,FN
42,correto,P-incorreto,FN
42,correto,P-incorreto,FN
43,correto,P-correto,VN
51,incorreto,P-incorreto,VP
42,correto,P-incorreto,FN
43,correto,P-correto,VN
42,correto,P-incorreto,FN
42,correto,P-incorreto,FN
42,correto,P-incorreto,FN
41,correto,P-correto,VN
42,correto,P-incorreto,FN
42,correto,P-incorreto,FN
41,correto,P-correto,VN
42,correto,P-incorreto,FN
41,correto,P-correto,VN
42,correto,P-incorreto,FN
63,incorreto,P-incorreto,VP
42,correto,P-incorreto,FN
42,correto,P-incorreto,FN
42,correto,P-incorreto,FN
42,correto,P-incorreto,FN
42,correto,P-incorreto,FN
42,correto,P-incorreto,FN
43,correto,P-correto,VN
42,correto,P-incorreto,FN
42,correto,P-incorreto,FN
42,correto,P-incorreto,FN
42,correto,P-incorreto,FN
42,correto,P-incorreto,FN
43,correto,P-correto,VN
42,correto,P-incorreto,FN
43,correto,P-correto,VN
35,incorreto,P-incorreto,VP
42,correto,P-incorreto,FN
41,correto,P-correto,VN
42,correto,P-incorreto,FN
45,incorreto,P-incorreto,VP
42,correto,P-incorreto,FN
42,correto,P-incorreto,FN
41,correto,P-correto,VN
42,correto,P-incorreto,FN
42,correto,P-incorreto,FN
42,correto,P-incorreto,FN
41,correto,P-correto,VN
42,correto,P-incorreto,FN
42,correto,P-incorreto,FN
42,correto,P-incorreto,FN
41,correto,P-correto,VN
41,correto,P-correto,VN
41,correto,P-correto,VN
42,correto,P-incorreto,FN
41,correto,P-correto,VN
42,correto,P-incorreto,FN
41,correto,P-correto,VN
42,correto,P-incorreto,FN
42,correto,P-incorreto,FN
43,correto,P-correto,VN
43,correto,P-correto,VN
42,correto,P-incorreto,FN
41,correto,P-correto,VN
42,correto,P-incorreto,FN
42,correto,P-incorreto,FN
42,correto,P-incorreto,FN
42,correto,P-incorreto,FN
42,correto,P-incorreto,FN
42,correto,P-incorreto,FN
43,correto,P-correto,VN
43,correto,P-correto,VN
42,correto,P-incorreto,FN
42,correto,P-incorreto,FN
41,correto,P-correto,VN
43,correto,P-correto,VN
42,correto,P-incorreto,FN
42,correto,P-incorreto,FN
42,correto,P-incorreto,FN
47,incorreto,P-incorreto,VP
43,correto,P-correto,VN
38,incorreto,P-incorreto,VP
41,correto,P-correto,VN
43,correto,P-correto,VN
32,incorreto,P-incorreto,VP
43,correto,P-correto,VN
42,correto,P-incorreto,FN
41,correto,P-correto,VN
43,correto,P-correto,VN
42,correto,P-incorreto,FN
42,correto,P-incorreto,FN
41,correto,P-correto,VN
43,correto,P-correto,VN
42,correto,P-incorreto,FN
30,incorreto,P-incorreto,VP
42,correto,P-incorreto,FN
42,correto,P-incorreto,FN
42,correto,P-incorreto,FN
41,correto,P-correto,VN
43,correto,P-correto,VN
42,correto,P-incorreto,FN
42,correto,P-incorreto,FN
55,incorreto,P-incorreto,VP
42,correto,P-incorreto,FN
32,incorreto,P-incorreto,VP
42,correto,P-incorreto,FN
42,correto,P-incorreto,FN
42,correto,P-incorreto,FN
42,correto,P-incorreto,FN
42,correto,P-incorreto,FN
42,correto,P-incorreto,FN
41,correto,P-correto,VN
42,correto,P-incorreto,FN
42,correto,P-incorreto,FN
42,correto,P-incorreto,FN
42,correto,P-incorreto,FN
41,correto,P-correto,VN
42,correto,P-incorreto,FN
43,correto,P-correto,VN
42,correto,P-incorreto,FN
42,correto,P-incorreto,FN
49,incorreto,P-incorreto,VP
40,incorreto,P-incorreto,VP
42,correto,P-incorreto,FN
42,correto,P-incorreto,FN
43,correto,P-correto,VN
42,correto,P-incorreto,FN
42,correto,P-incorreto,FN
41,correto,P-correto,VN
41,correto,P-correto,VN
43,correto,P-correto,VN
38,incorreto,P-incorreto,VP
41,correto,P-correto,VN
41,correto,P-correto,VN
43,correto,P-correto,VN
42,correto,P-incorreto,FN
42,correto,P-incorreto,FN
43,correto,P-correto,VN
48,incorreto,P-incorreto,VP
42,correto,P-incorreto,FN
42,correto,P-incorreto,FN
42,correto,P-incorreto,FN
40,correto,P-incorreto,FN
42,correto,P-incorreto,FN
42,correto,P-incorreto,FN
42,correto,P-incorreto,FN
42,correto,P-incorreto,FN
42,correto,P-incorreto,FN
42,correto,P-incorreto,FN
41,correto,P-correto,VN
43,correto,P-correto,VN
42,correto,P-incorreto,FN
42,correto,P-incorreto,FN
42,correto,P-incorreto,FN
42,correto,P-incorreto,FN
41,correto,P-correto,VN
42,correto,P-incorreto,FN
42,correto,P-incorreto,FN
42,correto,P-incorreto,FN
42,correto,P-incorreto,FN
42,correto,P-incorreto,FN
43,correto,P-correto,VN
41,correto,P-correto,VN
43,correto,P-correto,VN
42,correto,P-incorreto,FN
42,correto,P-incorreto,FN
43,correto,P-correto,VN
43,correto,P-correto,VN
42,correto,P-incorreto,FN
42,correto,P-incorreto,FN
43,correto,P-correto,VN
43,correto,P-correto,VN
41,correto,P-correto,VN
41,correto,P-correto,VN
42,correto,P-incorreto,FN
42,correto,P-incorreto,FN
42,correto,P-incorreto,FN
43,correto,P-correto,VN
31,incorreto,P-incorreto,VP
46,incorreto,P-incorreto,VP
42,correto,P-incorreto,FN
42,correto,P-incorreto,FN
42,correto,P-incorreto,FN
42,correto,P-incorreto,FN
42,correto,P-incorreto,FN
42,correto,P-incorreto,FN
42,correto,P-incorreto,FN
41,correto,P-correto,VN
43,correto,P-correto,VN
43,correto,P-correto,VN
43,correto,P-correto,VN
43,correto,P-correto,VN
41,correto,P-correto,VN
42,correto,P-incorreto,FN
42,correto,P-incorreto,FN
42,correto,P-incorreto,FN
42,correto,P-incorreto,FN
42,correto,P-incorreto,FN
42,correto,P-incorreto,FN
42,correto,P-incorreto,FN
42,correto,P-incorreto,FN
42,correto,P-incorreto,FN
41,correto,P-correto,VN
42,correto,P-incorreto,FN
42,correto,P-incorreto,FN
42,correto,P-incorreto,FN
41,correto,P-correto,VN
42,correto,P-incorreto,FN
42,correto,P-incorreto,FN
41,correto,P-correto,VN
42,correto,P-incorreto,FN
42,correto,P-incorreto,FN
42,correto,P-incorreto,FN
42,correto,P-incorreto,FN
47,incorreto,P-incorreto,VP
42,correto,P-incorreto,FN
42,correto,P-incorreto,FN
41,correto,P-correto,VN
42,correto,P-incorreto,FN
42,correto,P-incorreto,FN
43,correto,P-correto,VN
42,correto,P-incorreto,FN
42,correto,P-incorreto,FN
42,correto,P-incorreto,FN
41,correto,P-correto,VN
42,correto,P-incorreto,FN
41,correto,P-correto,VN
42,correto,P-incorreto,FN
43,correto,P-correto,VN
42,correto,P-incorreto,FN
41,correto,P-correto,VN
42,correto,P-incorreto,FN
42,correto,P-incorreto,FN
42,correto,P-incorreto,FN
35,incorreto,P-incorreto,VP
42,correto,P-incorreto,FN
42,correto,P-incorreto,FN
42,correto,P-incorreto,FN
42,correto,P-incorreto,FN
41,correto,P-correto,VN
42,correto,P-incorreto,FN
42,correto,P-incorreto,FN
41,correto,P-correto,VN
42,correto,P-incorreto,FN
42,correto,P-incorreto,FN
42,correto,P-incorreto,FN
42,correto,P-incorreto,FN
42,correto,P-incorreto,FN
42,correto,P-incorreto,FN
42,correto,P-incorreto,FN
41,correto,P-correto,VN
41,correto,P-correto,VN
42,correto,P-incorreto,FN
42,correto,P-incorreto,FN
42,correto,P-incorreto,FN
42,correto,P-incorreto,FN
42,correto,P-incorreto,FN
42,correto,P-incorreto,FN
42,correto,P-incorreto,FN
41,correto,P-correto,VN
42,correto,P-incorreto,FN
42,correto,P-incorreto,FN
41,correto,P-correto,VN
42,correto,P-incorreto,FN
41,correto,P-correto,VN
42,correto,P-incorreto,FN
42,correto,P-incorreto,FN
42,correto,P-incorreto,FN
42,correto,P-incorreto,FN
42,correto,P-incorreto,FN
43,correto,P-correto,VN
48,incorreto,P-incorreto,VP
41,correto,P-correto,VN
41,correto,P-correto,VN
42,correto,P-incorreto,FN
41,correto,P-correto,VN
41,correto,P-correto,VN
47,incorreto,P-incorreto,VP
42,correto,P-incorreto,FN
42,correto,P-incorreto,FN
41,correto,P-correto,VN
43,correto,P-correto,VN
43,correto,P-correto,VN
42,correto,P-incorreto,FN
43,correto,P-correto,VN
42,correto,P-incorreto,FN
42,correto,P-incorreto,FN
42,correto,P-incorreto,FN
42,correto,P-incorreto,FN
43,correto,P-correto,VN
41,correto,P-correto,VN
42,correto,P-incorreto,FN
42,correto,P-incorreto,FN
34,incorreto,P-incorreto,VP
42,correto,P-incorreto,FN
42,correto,P-incorreto,FN
42,correto,P-incorreto,FN
42,correto,P-incorreto,FN
51,incorreto,P-incorreto,VP
43,correto,P-correto,VN
42,correto,P-incorreto,FN
42,correto,P-incorreto,FN
42,correto,P-incorreto,FN
42,correto,P-incorreto,FN
42,correto,P-incorreto,FN
42,correto,P-incorreto,FN
42,correto,P-incorreto,FN
41,correto,P-correto,VN
41,correto,P-correto,VN
42,correto,P-incorreto,FN
41,correto,P-correto,VN
41,correto,P-correto,VN
43,correto,P-correto,VN
42,correto,P-incorreto,FN
39,incorreto,P-incorreto,VP
42,correto,P-incorreto,FN
42,correto,P-incorreto,FN
41,correto,P-correto,VN
42,correto,P-incorreto,FN
42,correto,P-incorreto,FN
44,incorreto,P-correto,FP
42,correto,P-incorreto,FN
43,correto,P-correto,VN
42,correto,P-incorreto,FN
42,correto,P-incorreto,FN
42,correto,P-incorreto,FN
42,correto,P-incorreto,FN
42,correto,P-incorreto,FN
41,correto,P-correto,VN
41,correto,P-correto,VN
42,correto,P-incorreto,FN
42,correto,P-incorreto,FN
41,correto,P-correto,VN
42,correto,P-incorreto,FN
42,correto,P-incorreto,FN
41,correto,P-correto,VN
41,correto,P-correto,VN
43,correto,P-correto,VN
42,correto,P-incorreto,FN
42,correto,P-incorreto,FN
30,incorreto,P-incorreto,VP
42,correto,P-incorreto,FN
41,correto,P-correto,VN
42,correto,P-incorreto,FN
42,correto,P-incorreto,FN
43,correto,P-correto,VN
42,correto,P-incorreto,FN
42,correto,P-incorreto,FN
42,correto,P-incorreto,FN
41,correto,P-correto,VN
42,correto,P-incorreto,FN
42,correto,P-incorreto,FN
42,correto,P-incorreto,FN
41,correto,P-correto,VN
41,correto,P-correto,VN
39,incorreto,P-incorreto,VP
41,correto,P-correto,VN
43,correto,P-correto,VN
42,correto,P-incorreto,FN
42,correto,P-incorreto,FN
42,correto,P-incorreto,FN
43,correto,P-correto,VN
28,incorreto,P-incorreto,VP
41,correto,P-correto,VN
41,correto,P-correto,VN
43,correto,P-correto,VN
42,correto,P-incorreto,FN
41,correto,P-correto,VN
42,correto,P-incorreto,FN
41,correto,P-correto,VN
42,correto,P-incorreto,FN
42,correto,P-incorreto,FN
42,correto,P-incorreto,FN
42,correto,P-incorreto,FN
43,correto,P-correto,VN
39,incorreto,P-incorreto,VP
42,correto,P-incorreto,FN
42,correto,P-incorreto,FN
42,correto,P-incorreto,FN
48,incorreto,P-incorreto,VP
42,correto,P-incorreto,FN
42,correto,P-incorreto,FN
41,correto,P-correto,VN
42,correto,P-incorreto,FN
42,correto,P-incorreto,FN
42,correto,P-incorreto,FN
42,correto,P-incorreto,FN
41,correto,P-correto,VN
43,correto,P-correto,VN
42,correto,P-incorreto,FN
42,correto,P-incorreto,FN
42,correto,P-incorreto,FN
43,correto,P-correto,VN
42,correto,P-incorreto,FN
42,correto,P-incorreto,FN
43,correto,P-correto,VN
41,correto,P-correto,VN
42,correto,P-incorreto,FN
42,correto,P-incorreto,FN
42,correto,P-incorreto,FN
41,correto,P-correto,VN
42,correto,P-incorreto,FN
43,correto,P-correto,VN
42,correto,P-incorreto,FN
42,correto,P-incorreto,FN
42,correto,P-incorreto,FN
42,incorreto,P-incorreto,VP
43,correto,P-correto,VN
55,incorreto,P-incorreto,VP
54,incorreto,P-incorreto,VP
42,correto,P-incorreto,FN
42,correto,P-incorreto,FN
41,correto,P-correto,VN
42,correto,P-incorreto,FN
43,incorreto,P-correto,FP
42,correto,P-incorreto,FN
43,correto,P-correto,VN
43,correto,P-correto,VN
42,correto,P-incorreto,FN
37,incorreto,P-incorreto,VP
42,correto,P-incorreto,FN
42,correto,P-incorreto,FN
42,correto,P-incorreto,FN
43,correto,P-correto,VN
42,correto,P-incorreto,FN
42,correto,P-incorreto,FN
41,correto,P-correto,VN
42,correto,P-incorreto,FN
42,correto,P-incorreto,FN
48,incorreto,P-incorreto,VP
42,correto,P-incorreto,FN
42,correto,P-incorreto,FN
42,correto,P-incorreto,FN
34,incorreto,P-incorreto,VP
42,correto,P-incorreto,FN
43,correto,P-correto,VN
43,correto,P-correto,VN
42,correto,P-incorreto,FN
42,correto,P-incorreto,FN
42,correto,P-incorreto,FN
42,correto,P-incorreto,FN
42,correto,P-incorreto,FN
42,correto,P-incorreto,FN
42,correto,P-incorreto,FN
42,correto,P-incorreto,FN
42,correto,P-incorreto,FN
42,correto,P-incorreto,FN
42,correto,P-incorreto,FN
42,correto,P-incorreto,FN
42,correto,P-incorreto,FN
42,correto,P-incorreto,FN
44,incorreto,P-correto,FP
35,incorreto,P-incorreto,VP
42,correto,P-incorreto,FN
42,correto,P-incorreto,FN
42,correto,P-incorreto,FN
42,correto,P-incorreto,FN
42,correto,P-incorreto,FN
42,correto,P-incorreto,FN
41,correto,P-correto,VN
43,correto,P-correto,VN
42,correto,P-incorreto,FN
42,correto,P-incorreto,FN
42,correto,P-incorreto,FN
42,correto,P-incorreto,FN
28,incorreto,P-incorreto,VP
50,incorreto,P-incorreto,VP
42,correto,P-incorreto,FN
42,correto,P-incorreto,FN
25,incorreto,P-incorreto,VP
42,correto,P-incorreto,FN
41,correto,P-correto,VN
42,correto,P-incorreto,FN
42,correto,P-incorreto,FN
42,correto,P-incorreto,FN
42,correto,P-incorreto,FN
42,correto,P-incorreto,FN
42,correto,P-incorreto,FN
43,correto,P-correto,VN
41,correto,P-correto,VN
41,correto,P-correto,VN
28,incorreto,P-incorreto,VP
42,correto,P-incorreto,FN
42,correto,P-incorreto,FN
42,correto,P-incorreto,FN
42,correto,P-incorreto,FN
43,correto,P-correto,VN
42,correto,P-incorreto,FN
42,correto,P-incorreto,FN
42,correto,P-incorreto,FN
43,correto,P-correto,VN
42,correto,P-incorreto,FN
42,correto,P-incorreto,FN
43,correto,P-correto,VN
42,correto,P-incorreto,FN
47,incorreto,P-incorreto,VP
42,correto,P-incorreto,FN
43,correto,P-correto,VN
42,correto,P-incorreto,FN
42,correto,P-incorreto,FN
43,correto,P-correto,VN
42,correto,P-incorreto,FN
41,correto,P-correto,VN
42,correto,P-incorreto,FN
42,correto,P-incorreto,FN
42,correto,P-incorreto,FN
42,correto,P-incorreto,FN
42,correto,P-incorreto,FN
41,correto,P-correto,VN
42,correto,P-incorreto,FN
51,incorreto,P-incorreto,VP
42,correto,P-incorreto,FN
41,correto,P-correto,VN
42,correto,P-incorreto,FN
42,correto,P-incorreto,FN
56,incorreto,P-incorreto,VP
41,correto,P-correto,VN
42,correto,P-incorreto,FN
42,correto,P-incorreto,FN
43,correto,P-correto,VN
42,correto,P-incorreto,FN
42,correto,P-incorreto,FN
42,correto,P-incorreto,FN
42,correto,P-incorreto,FN
42,correto,P-incorreto,FN
42,correto,P-incorreto,FN
42,correto,P-incorreto,FN
42,correto,P-incorreto,FN
37,incorreto,P-incorreto,VP
42,correto,P-incorreto,FN
42,correto,P-incorreto,FN
42,correto,P-incorreto,FN
42,correto,P-incorreto,FN
41,correto,P-correto,VN
42,correto,P-incorreto,FN
42,correto,P-incorreto,FN
33,incorreto,P-incorreto,VP
23,incorreto,P-incorreto,VP
43,correto,P-correto,VN
42,correto,P-incorreto,FN
42,correto,P-incorreto,FN
42,correto,P-incorreto,FN
41,incorreto,P-correto,FP
43,correto,P-correto,VN
42,correto,P-incorreto,FN
42,correto,P-incorreto,FN
41,correto,P-correto,VN
42,correto,P-incorreto,FN
42,correto,P-incorreto,FN
42,correto,P-incorreto,FN
42,correto,P-incorreto,FN
41,incorreto,P-correto,FP
41,correto,P-correto,VN
42,correto,P-incorreto,FN
42,correto,P-incorreto,FN
42,correto,P-incorreto,FN
43,correto,P-correto,VN
43,correto,P-correto,VN
42,correto,P-incorreto,FN
42,correto,P-incorreto,FN
42,correto,P-incorreto,FN
43,correto,P-correto,VN
42,correto,P-incorreto,FN
43,correto,P-correto,VN
42,correto,P-incorreto,FN
42,correto,P-incorreto,FN
41,correto,P-correto,VN
43,correto,P-correto,VN
42,correto,P-incorreto,FN
39,incorreto,P-incorreto,VP
42,correto,P-incorreto,FN
42,correto,P-incorreto,FN
42,correto,P-incorreto,FN
41,correto,P-correto,VN
42,correto,P-incorreto,FN
43,correto,P-correto,VN
43,correto,P-correto,VN
42,correto,P-incorreto,FN
41,correto,P-correto,VN
31,incorreto,P-incorreto,VP
41,correto,P-correto,VN
43,correto,P-correto,VN
42,correto,P-incorreto,FN
41,correto,P-correto,VN
42,correto,P-incorreto,FN
42,correto,P-incorreto,FN
42,correto,P-incorreto,FN
46,incorreto,P-incorreto,VP
41,correto,P-correto,VN
35,incorreto,P-incorreto,VP
42,correto,P-incorreto,FN
37,incorreto,P-incorreto,VP
42,correto,P-incorreto,FN
42,correto,P-incorreto,FN
40,incorreto,P-incorreto,VP
42,correto,P-incorreto,FN
42,correto,P-incorreto,FN
41,correto,P-correto,VN
42,correto,P-incorreto,FN
41,correto,P-correto,VN
42,correto,P-incorreto,FN
41,correto,P-correto,VN
42,correto,P-incorreto,FN
42,correto,P-incorreto,FN
41,correto,P-correto,VN
36,incorreto,P-incorreto,VP
42,correto,P-incorreto,FN
42,correto,P-incorreto,FN
42,correto,P-incorreto,FN
42,correto,P-incorreto,FN
42,correto,P-incorreto,FN
42,correto,P-incorreto,FN
42,correto,P-incorreto,FN
42,correto,P-incorreto,FN
42,correto,P-incorreto,FN
36,incorreto,P-incorreto,VP
42,correto,P-incorreto,FN
42,correto,P-incorreto,FN
42,correto,P-incorreto,FN
43,correto,P-correto,VN
42,correto,P-incorreto,FN
43,correto,P-correto,VN
42,correto,P-incorreto,FN
42,correto,P-incorreto,FN
41,correto,P-correto,VN
42,correto,P-incorreto,FN
42,correto,P-incorreto,FN
42,correto,P-incorreto,FN
42,correto,P-incorreto,FN
42,correto,P-incorreto,FN
42,correto,P-incorreto,FN
42,correto,P-incorreto,FN
42,correto,P-incorreto,FN
53,incorreto,P-incorreto,VP
41,correto,P-correto,VN
42,correto,P-incorreto,FN
34,incorreto,P-incorreto,VP
41,correto,P-correto,VN
42,correto,P-incorreto,FN
42,correto,P-incorreto,FN
43,correto,P-correto,VN
41,correto,P-correto,VN
43,correto,P-correto,VN
42,correto,P-incorreto,FN
42,correto,P-incorreto,FN
42,correto,P-incorreto,FN
43,correto,P-correto,VN
41,correto,P-correto,VN
42,correto,P-incorreto,FN
29,incorreto,P-incorreto,VP
42,correto,P-incorreto,FN
42,correto,P-incorreto,FN
47,incorreto,P-incorreto,VP
41,correto,P-correto,VN
42,correto,P-incorreto,FN
41,correto,P-correto,VN
42,correto,P-incorreto,FN
28,incorreto,P-incorreto,VP
42,correto,P-incorreto,FN
42,correto,P-incorreto,FN
42,correto,P-incorreto,FN
42,correto,P-incorreto,FN
43,correto,P-correto,VN
42,correto,P-incorreto,FN
24,incorreto,P-incorreto,VP
42,correto,P-incorreto,FN
43,correto,P-correto,VN
42,correto,P-incorreto,FN
42,correto,P-incorreto,FN
28,incorreto,P-incorreto,VP
43,correto,P-correto,VN
36,incorreto,P-incorreto,VP
42,correto,P-incorreto,FN
42,correto,P-incorreto,FN
29,incorreto,P-incorreto,VP
30,incorreto,P-incorreto,VP
42,correto,P-incorreto,FN
42,correto,P-incorreto,FN
42,correto,P-incorreto,FN
42,correto,P-incorreto,FN
42,correto,P-incorreto,FN
42,correto,P-incorreto,FN
42,correto,P-incorreto,FN
42,correto,P-incorreto,FN
42,correto,P-incorreto,FN
41,correto,P-correto,VN
42,correto,P-incorreto,FN
42,correto,P-incorreto,FN
42,correto,P-incorreto,FN
31,incorreto,P-incorreto,VP
42,correto,P-incorreto,FN
42,correto,P-incorreto,FN
42,correto,P-incorreto,FN
21,incorreto,P-incorreto,VP
45,incorreto,P-incorreto,VP
42,correto,P-incorreto,FN
41,correto,P-correto,VN
41,correto,P-correto,VN
42,correto,P-incorreto,FN
42,correto,P-incorreto,FN
41,correto,P-correto,VN
43,correto,P-correto,VN
29,incorreto,P-incorreto,VP
42,correto,P-incorreto,FN
42,correto,P-incorreto,FN
42,correto,P-incorreto,FN
42,correto,P-incorreto,FN
42,correto,P-incorreto,FN
42,correto,P-incorreto,FN
42,correto,P-incorreto,FN
42,correto,P-incorreto,FN
42,correto,P-incorreto,FN
41,correto,P-correto,VN
42,correto,P-incorreto,FN
21,incorreto,P-incorreto,VP
43,correto,P-correto,VN
42,correto,P-incorreto,FN
42,correto,P-incorreto,FN
42,correto,P-incorreto,FN
42,correto,P-incorreto,FN
42,correto,P-incorreto,FN
42,correto,P-incorreto,FN
41,correto,P-correto,VN
38,incorreto,P-incorreto,VP
41,correto,P-correto,VN
42,correto,P-incorreto,FN
42,correto,P-incorreto,FN
42,correto,P-incorreto,FN
42,correto,P-incorreto,FN
42,correto,P-incorreto,FN
43,correto,P-correto,VN
43,correto,P-correto,VN
42,correto,P-incorreto,FN
42,correto,P-incorreto,FN
43,correto,P-correto,VN
43,correto,P-correto,VN
42,correto,P-incorreto,FN
42,correto,P-incorreto,FN
42,correto,P-incorreto,FN
42,correto,P-incorreto,FN
42,correto,P-incorreto,FN
42,correto,P-incorreto,FN
42,correto,P-incorreto,FN
42,correto,P-incorreto,FN
43,correto,P-correto,VN
42,correto,P-incorreto,FN
42,correto,P-incorreto,FN
42,correto,P-incorreto,FN
43,correto,P-correto,VN
41,correto,P-correto,VN
42,correto,P-incorreto,FN
41,correto,P-correto,VN
32,incorreto,P-incorreto,VP
42,correto,P-incorreto,FN
42,correto,P-incorreto,FN
41,correto,P-correto,VN
42,correto,P-incorreto,FN
33,incorreto,P-incorreto,VP
42,correto,P-incorreto,FN
42,correto,P-incorreto,FN
43,correto,P-correto,VN
37,incorreto,P-incorreto,VP
56,incorreto,P-incorreto,VP
42,correto,P-incorreto,FN
42,correto,P-incorreto,FN
41,correto,P-correto,VN
42,correto,P-incorreto,FN
43,correto,P-correto,VN
42,correto,P-incorreto,FN
42,correto,P-incorreto,FN
42,correto,P-incorreto,FN
42,correto,P-incorreto,FN
42,correto,P-incorreto,FN
42,correto,P-incorreto,FN
42,correto,P-incorreto,FN
43,correto,P-correto,VN
42,correto,P-incorreto,FN
41,correto,P-correto,VN
42,correto,P-incorreto,FN
43,incorreto,P-correto,FP
42,correto,P-incorreto,FN
42,correto,P-incorreto,FN
42,correto,P-incorreto,FN
41,correto,P-correto,VN
42,correto,P-incorreto,FN
42,correto,P-incorreto,FN
42,correto,P-incorreto,FN
41,correto,P-correto,VN
41,correto,P-correto,VN
43,correto,P-correto,VN
43,correto,P-correto,VN
41,correto,P-correto,VN
42,correto,P-incorreto,FN
42,correto,P-incorreto,FN
42,correto,P-incorreto,FN
42,correto,P-incorreto,FN
42,correto,P-incorreto,FN
41,correto,P-correto,VN
41,correto,P-correto,VN
31,incorreto,P-incorreto,VP
42,correto,P-incorreto,FN
43,correto,P-correto,VN
41,correto,P-correto,VN
41,correto,P-correto,VN
42,correto,P-incorreto,FN
42,correto,P-incorreto,FN
34,incorreto,P-incorreto,VP
42,correto,P-incorreto,FN
43,correto,P-correto,VN
43,correto,P-correto,VN
41,correto,P-correto,VN
42,correto,P-incorreto,FN
42,correto,P-incorreto,FN
42,correto,P-incorreto,FN
42,correto,P-incorreto,FN
42,correto,P-incorreto,FN
42,correto,P-incorreto,FN
42,correto,P-incorreto,FN
42,correto,P-incorreto,FN
42,correto,P-incorreto,FN
15,incorreto,P-incorreto,VP
42,correto,P-incorreto,FN
42,correto,P-incorreto,FN
42,correto,P-incorreto,FN
42,correto,P-incorreto,FN
42,correto,P-incorreto,FN
42,correto,P-incorreto,FN
42,correto,P-incorreto,FN
42,correto,P-incorreto,FN
42,correto,P-incorreto,FN
42,correto,P-incorreto,FN
22,incorreto,P-incorreto,VP
42,correto,P-incorreto,FN
42,correto,P-incorreto,FN
42,correto,P-incorreto,FN
42,correto,P-incorreto,FN
42,correto,P-incorreto,FN
42,correto,P-incorreto,FN
42,correto,P-incorreto,FN
42,correto,P-incorreto,FN
42,correto,P-incorreto,FN
42,correto,P-incorreto,FN
42,correto,P-incorreto,FN
42,correto,P-incorreto,FN
42,correto,P-incorreto,FN
42,correto,P-incorreto,FN
42,correto,P-incorreto,FN
42,correto,P-incorreto,FN
42,correto,P-incorreto,FN
42,correto,P-incorreto,FN
42,correto,P-incorreto,FN
42,correto,P-incorreto,FN
42,correto,P-incorreto,FN
42,correto,P-incorreto,FN
30,incorreto,P-incorreto,VP
42,correto,P-incorreto,FN
42,correto,P-incorreto,FN
42,correto,P-incorreto,FN
42,correto,P-incorreto,FN
42,correto,P-incorreto,FN
42,correto,P-incorreto,FN
42,correto,P-incorreto,FN
42,correto,P-incorreto,FN
42,correto,P-incorreto,FN
42,correto,P-incorreto,FN
42,correto,P-incorreto,FN
42,correto,P-incorreto,FN
48,incorreto,P-incorreto,VP
42,correto,P-incorreto,FN
42,correto,P-incorreto,FN
42,correto,P-incorreto,FN
42,correto,P-incorreto,FN
42,correto,P-incorreto,FN
42,correto,P-incorreto,FN
42,correto,P-incorreto,FN
42,correto,P-incorreto,FN
42,correto,P-incorreto,FN
42,correto,P-incorreto,FN
42,correto,P-incorreto,FN
42,correto,P-incorreto,FN
42,correto,P-incorreto,FN
42,correto,P-incorreto,FN
42,correto,P-incorreto,FN
42,correto,P-incorreto,FN
42,correto,P-incorreto,FN
42,correto,P-incorreto,FN
42,correto,P-incorreto,FN
42,correto,P-incorreto,FN
42,correto,P-incorreto,FN
42,correto,P-incorreto,FN
42,correto,P-incorreto,FN
42,correto,P-incorreto,FN
42,correto,P-incorreto,FN
42,correto,P-incorreto,FN
42,correto,P-incorreto,FN
42,correto,P-incorreto,FN
42,correto,P-incorreto,FN
42,correto,P-incorreto,FN
34,incorreto,P-incorreto,VP
42,correto,P-incorreto,FN
42,correto,P-incorreto,FN
42,correto,P-incorreto,FN
42,correto,P-incorreto,FN
42,correto,P-incorreto,FN
42,correto,P-incorreto,FN
42,correto,P-incorreto,FN
42,correto,P-incorreto,FN
42,correto,P-incorreto,FN
42,correto,P-incorreto,FN
29,incorreto,P-incorreto,VP
42,correto,P-incorreto,FN
42,correto,P-incorreto,FN
42,correto,P-incorreto,FN
42,correto,P-incorreto,FN
42,correto,P-incorreto,FN
42,correto,P-incorreto,FN
42,correto,P-incorreto,FN
42,correto,P-incorreto,FN
42,correto,P-incorreto,FN
42,correto,P-incorreto,FN
42,correto,P-incorreto,FN
42,correto,P-incorreto,FN
42,correto,P-incorreto,FN
42,correto,P-incorreto,FN
42,correto,P-incorreto,FN
33,incorreto,P-incorreto,VP
42,correto,P-incorreto,FN
42,correto,P-incorreto,FN
42,correto,P-incorreto,FN
42,correto,P-incorreto,FN
29,incorreto,P-incorreto,VP
42,correto,P-incorreto,FN
42,correto,P-incorreto,FN
42,correto,P-incorreto,FN
42,correto,P-incorreto,FN
42,correto,P-incorreto,FN
42,correto,P-incorreto,FN
42,correto,P-incorreto,FN
42,correto,P-incorreto,FN
42,correto,P-incorreto,FN
42,correto,P-incorreto,FN
42,correto,P-incorreto,FN
42,correto,P-incorreto,FN
42,correto,P-incorreto,FN
42,correto,P-incorreto,FN
42,correto,P-incorreto,FN
42,correto,P-incorreto,FN
42,correto,P-incorreto,FN
42,correto,P-incorreto,FN
42,correto,P-incorreto,FN
42,correto,P-incorreto,FN
42,correto,P-incorreto,FN
42,correto,P-incorreto,FN
42,correto,P-incorreto,FN
40,incorreto,P-incorreto,VP
42,correto,P-incorreto,FN
42,correto,P-incorreto,FN
42,correto,P-incorreto,FN
42,correto,P-incorreto,FN
42,correto,P-incorreto,FN
35,incorreto,P-incorreto,VP
42,correto,P-incorreto,FN
42,correto,P-incorreto,FN
42,correto,P-incorreto,FN
42,correto,P-incorreto,FN
42,correto,P-incorreto,FN
42,correto,P-incorreto,FN
42,correto,P-incorreto,FN
42,correto,P-incorreto,FN
42,correto,P-incorreto,FN
42,correto,P-incorreto,FN
42,correto,P-incorreto,FN
42,correto,P-incorreto,FN
42,correto,P-incorreto,FN
42,correto,P-incorreto,FN
42,correto,P-incorreto,FN
42,correto,P-incorreto,FN
42,correto,P-incorreto,FN
42,correto,P-incorreto,FN
42,correto,P-incorreto,FN
55,incorreto,P-incorreto,VP
42,correto,P-incorreto,FN
42,correto,P-incorreto,FN
42,correto,P-incorreto,FN
42,correto,P-incorreto,FN
42,correto,P-incorreto,FN
45,incorreto,P-incorreto,VP
42,correto,P-incorreto,FN
39,incorreto,P-incorreto,VP
42,correto,P-incorreto,FN
42,correto,P-incorreto,FN
42,correto,P-incorreto,FN
42,correto,P-incorreto,FN
42,correto,P-incorreto,FN
42,correto,P-incorreto,FN
42,correto,P-incorreto,FN
42,correto,P-incorreto,FN
31,incorreto,P-incorreto,VP
38,incorreto,P-incorreto,VP
42,correto,P-incorreto,FN
42,correto,P-incorreto,FN
42,correto,P-incorreto,FN
42,correto,P-incorreto,FN
42,correto,P-incorreto,FN
42,correto,P-incorreto,FN
42,correto,P-incorreto,FN
42,correto,P-incorreto,FN
42,correto,P-incorreto,FN
42,correto,P-incorreto,FN
42,correto,P-incorreto,FN
42,correto,P-incorreto,FN
44,incorreto,P-correto,FP
42,correto,P-incorreto,FN
42,correto,P-incorreto,FN
42,correto,P-incorreto,FN
42,correto,P-incorreto,FN
42,correto,P-incorreto,FN
42,correto,P-incorreto,FN
42,correto,P-incorreto,FN
42,correto,P-incorreto,FN
29,incorreto,P-incorreto,VP
42,correto,P-incorreto,FN
42,correto,P-incorreto,FN
42,correto,P-incorreto,FN
42,correto,P-incorreto,FN
42,correto,P-incorreto,FN
42,correto,P-incorreto,FN
42,correto,P-incorreto,FN
42,correto,P-incorreto,FN
42,correto,P-incorreto,FN
42,correto,P-incorreto,FN
42,correto,P-incorreto,FN
54,incorreto,P-incorreto,VP
42,correto,P-incorreto,FN
42,correto,P-incorreto,FN
61,incorreto,P-incorreto,VP
42,correto,P-incorreto,FN
42,correto,P-incorreto,FN
42,correto,P-incorreto,FN
42,correto,P-incorreto,FN
42,correto,P-incorreto,FN
42,correto,P-incorreto,FN
42,correto,P-incorreto,FN
42,correto,P-incorreto,FN
42,correto,P-incorreto,FN
42,correto,P-incorreto,FN
42,correto,P-incorreto,FN
42,correto,P-incorreto,FN
42,correto,P-incorreto,FN
42,correto,P-incorreto,FN
42,correto,P-incorreto,FN
42,correto,P-incorreto,FN
42,correto,P-incorreto,FN
42,correto,P-incorreto,FN
42,correto,P-incorreto,FN
42,correto,P-incorreto,FN
42,correto,P-incorreto,FN
44,incorreto,P-correto,FP
42,correto,P-incorreto,FN
58,incorreto,P-incorreto,VP
39,incorreto,P-incorreto,VP
42,correto,P-incorreto,FN
42,correto,P-incorreto,FN
42,correto,P-incorreto,FN
42,correto,P-incorreto,FN
42,correto,P-incorreto,FN
42,correto,P-incorreto,FN
42,correto,P-incorreto,FN
42,correto,P-incorreto,FN
42,correto,P-incorreto,FN
42,correto,P-incorreto,FN
42,correto,P-incorreto,FN
42,correto,P-incorreto,FN
42,correto,P-incorreto,FN
42,correto,P-incorreto,FN
42,correto,P-incorreto,FN
42,correto,P-incorreto,FN
42,correto,P-incorreto,FN
42,correto,P-incorreto,FN
42,correto,P-incorreto,FN
42,correto,P-incorreto,FN
42,correto,P-incorreto,FN
42,correto,P-incorreto,FN
42,correto,P-incorreto,FN
42,correto,P-incorreto,FN
42,correto,P-incorreto,FN
42,correto,P-incorreto,FN
42,correto,P-incorreto,FN
42,correto,P-incorreto,FN
42,correto,P-incorreto,FN
42,correto,P-incorreto,FN
42,correto,P-incorreto,FN
42,correto,P-incorreto,FN
42,correto,P-incorreto,FN
42,correto,P-incorreto,FN
42,correto,P-incorreto,FN
42,correto,P-incorreto,FN
42,correto,P-incorreto,FN
42,correto,P-incorreto,FN
42,correto,P-incorreto,FN
42,correto,P-incorreto,FN
42,correto,P-incorreto,FN
42,correto,P-incorreto,FN
42,correto,P-incorreto,FN
42,correto,P-incorreto,FN
30,incorreto,P-incorreto,VP
37,incorreto,P-incorreto,VP
42,correto,P-incorreto,FN
42,correto,P-incorreto,FN
42,correto,P-incorreto,FN
42,correto,P-incorreto,FN
42,correto,P-incorreto,FN
42,correto,P-incorreto,FN
42,correto,P-incorreto,FN
42,correto,P-incorreto,FN
42,correto,P-incorreto,FN
42,correto,P-incorreto,FN
42,correto,P-incorreto,FN
42,correto,P-incorreto,FN
42,correto,P-incorreto,FN
42,correto,P-incorreto,FN
42,correto,P-incorreto,FN
42,correto,P-incorreto,FN
42,correto,P-incorreto,FN
42,correto,P-incorreto,FN
42,correto,P-incorreto,FN
42,correto,P-incorreto,FN
42,correto,P-incorreto,FN
42,correto,P-incorreto,FN
42,correto,P-incorreto,FN
42,correto,P-incorreto,FN
42,correto,P-incorreto,FN
42,correto,P-incorreto,FN
42,correto,P-incorreto,FN
42,correto,P-incorreto,FN
42,correto,P-incorreto,FN
42,correto,P-incorreto,FN
42,correto,P-incorreto,FN
42,correto,P-incorreto,FN
42,correto,P-incorreto,FN
42,correto,P-incorreto,FN
42,correto,P-incorreto,FN
42,correto,P-incorreto,FN
42,correto,P-incorreto,FN
42,correto,P-incorreto,FN
42,correto,P-incorreto,FN
42,correto,P-incorreto,FN
42,correto,P-incorreto,FN
42,correto,P-incorreto,FN
42,correto,P-incorreto,FN
42,correto,P-incorreto,FN
40,incorreto,P-incorreto,VP
42,correto,P-incorreto,FN
42,correto,P-incorreto,FN
42,correto,P-incorreto,FN
42,correto,P-incorreto,FN
42,correto,P-incorreto,FN
42,correto,P-incorreto,FN
42,correto,P-incorreto,FN
42,correto,P-incorreto,FN
42,correto,P-incorreto,FN
42,correto,P-incorreto,FN
28,incorreto,P-incorreto,VP
42,correto,P-incorreto,FN
42,correto,P-incorreto,FN
42,correto,P-incorreto,FN
42,correto,P-incorreto,FN
42,correto,P-incorreto,FN
42,incorreto,P-incorreto,VP
42,correto,P-incorreto,FN
37,incorreto,P-incorreto,VP
42,correto,P-incorreto,FN
42,correto,P-incorreto,FN
42,correto,P-incorreto,FN
42,correto,P-incorreto,FN
42,correto,P-incorreto,FN
42,correto,P-incorreto,FN
42,correto,P-incorreto,FN
30,incorreto,P-incorreto,VP
42,correto,P-incorreto,FN
42,correto,P-incorreto,FN
42,correto,P-incorreto,FN
39,incorreto,P-incorreto,VP
42,correto,P-incorreto,FN
42,correto,P-incorreto,FN
42,correto,P-incorreto,FN
42,correto,P-incorreto,FN
42,correto,P-incorreto,FN
42,correto,P-incorreto,FN
45,incorreto,P-incorreto,VP
42,correto,P-incorreto,FN
42,correto,P-incorreto,FN
42,correto,P-incorreto,FN
42,correto,P-incorreto,FN
42,correto,P-incorreto,FN
42,correto,P-incorreto,FN
42,correto,P-incorreto,FN
47,incorreto,P-incorreto,VP
42,incorreto,P-incorreto,VP
42,correto,P-incorreto,FN
42,correto,P-incorreto,FN
42,correto,P-incorreto,FN
42,correto,P-incorreto,FN
42,correto,P-incorreto,FN
42,correto,P-incorreto,FN
42,correto,P-incorreto,FN
24,incorreto,P-incorreto,VP
42,correto,P-incorreto,FN
30,incorreto,P-incorreto,VP
42,correto,P-incorreto,FN
42,correto,P-incorreto,FN
42,correto,P-incorreto,FN
42,correto,P-incorreto,FN
42,correto,P-incorreto,FN
42,correto,P-incorreto,FN
42,correto,P-incorreto,FN
42,correto,P-incorreto,FN
42,correto,P-incorreto,FN
42,correto,P-incorreto,FN
42,correto,P-incorreto,FN
42,correto,P-incorreto,FN
42,correto,P-incorreto,FN
42,correto,P-incorreto,FN
42,correto,P-incorreto,FN
42,correto,P-incorreto,FN
42,correto,P-incorreto,FN
42,correto,P-incorreto,FN
42,correto,P-incorreto,FN
40,incorreto,P-incorreto,VP
42,correto,P-incorreto,FN
42,correto,P-incorreto,FN
42,correto,P-incorreto,FN
42,correto,P-incorreto,FN
42,correto,P-incorreto,FN
42,correto,P-incorreto,FN
42,correto,P-incorreto,FN
42,correto,P-incorreto,FN
42,correto,P-incorreto,FN
42,correto,P-incorreto,FN
42,correto,P-incorreto,FN
42,correto,P-incorreto,FN
42,correto,P-incorreto,FN
42,correto,P-incorreto,FN
35,incorreto,P-incorreto,VP
42,correto,P-incorreto,FN
42,correto,P-incorreto,FN
42,correto,P-incorreto,FN
42,correto,P-incorreto,FN
42,correto,P-incorreto,FN
42,correto,P-incorreto,FN
42,correto,P-incorreto,FN
42,correto,P-incorreto,FN
42,correto,P-incorreto,FN
42,correto,P-incorreto,FN
42,correto,P-incorreto,FN
39,incorreto,P-incorreto,VP
42,correto,P-incorreto,FN
42,correto,P-incorreto,FN
40,incorreto,P-incorreto,VP
42,correto,P-incorreto,FN
42,correto,P-incorreto,FN
42,correto,P-incorreto,FN
42,correto,P-incorreto,FN
42,correto,P-incorreto,FN
42,correto,P-incorreto,FN
42,correto,P-incorreto,FN
42,correto,P-incorreto,FN
42,correto,P-incorreto,FN
42,correto,P-incorreto,FN
42,correto,P-incorreto,FN
42,correto,P-incorreto,FN
42,correto,P-incorreto,FN
42,correto,P-incorreto,FN
42,correto,P-incorreto,FN
42,correto,P-incorreto,FN
42,correto,P-incorreto,FN
42,correto,P-incorreto,FN
42,correto,P-incorreto,FN
42,correto,P-incorreto,FN
42,correto,P-incorreto,FN
42,correto,P-incorreto,FN
42,correto,P-incorreto,FN
42,correto,P-incorreto,FN
42,correto,P-incorreto,FN
42,correto,P-incorreto,FN
42,correto,P-incorreto,FN
42,correto,P-incorreto,FN
42,correto,P-incorreto,FN
44,incorreto,P-correto,FP
42,correto,P-incorreto,FN
46,incorreto,P-incorreto,VP
42,correto,P-incorreto,FN
42,correto,P-incorreto,FN
42,correto,P-incorreto,FN
42,correto,P-incorreto,FN
54,incorreto,P-incorreto,VP
42,correto,P-incorreto,FN
42,correto,P-incorreto,FN
42,correto,P-incorreto,FN
42,correto,P-incorreto,FN
42,correto,P-incorreto,FN
42,correto,P-incorreto,FN
42,correto,P-incorreto,FN
42,correto,P-incorreto,FN
42,correto,P-incorreto,FN
42,correto,P-incorreto,FN
42,correto,P-incorreto,FN
42,correto,P-incorreto,FN
42,correto,P-incorreto,FN
42,correto,P-incorreto,FN
42,correto,P-incorreto,FN
42,correto,P-incorreto,FN
36,incorreto,P-incorreto,VP
42,correto,P-incorreto,FN
42,correto,P-incorreto,FN
42,correto,P-incorreto,FN
48,incorreto,P-incorreto,VP
42,correto,P-incorreto,FN
42,correto,P-incorreto,FN
42,correto,P-incorreto,FN
42,correto,P-incorreto,FN
42,correto,P-incorreto,FN
42,correto,P-incorreto,FN
42,correto,P-incorreto,FN
42,correto,P-incorreto,FN
42,correto,P-incorreto,FN
42,correto,P-incorreto,FN
42,correto,P-incorreto,FN
42,correto,P-incorreto,FN
42,correto,P-incorreto,FN
42,correto,P-incorreto,FN
42,correto,P-incorreto,FN
42,correto,P-incorreto,FN
42,correto,P-incorreto,FN
42,correto,P-incorreto,FN
40,incorreto,P-incorreto,VP
42,correto,P-incorreto,FN
42,correto,P-incorreto,FN
42,correto,P-incorreto,FN
42,correto,P-incorreto,FN
42,correto,P-incorreto,FN
42,correto,P-incorreto,FN
42,correto,P-incorreto,FN
42,correto,P-incorreto,FN
42,correto,P-incorreto,FN
44,incorreto,P-correto,FP
20,incorreto,P-incorreto,VP
42,correto,P-incorreto,FN
42,correto,P-incorreto,FN
42,correto,P-incorreto,FN
42,correto,P-incorreto,FN
42,correto,P-incorreto,FN
42,correto,P-incorreto,FN
50,incorreto,P-incorreto,VP
42,correto,P-incorreto,FN
42,correto,P-incorreto,FN
42,correto,P-incorreto,FN
42,correto,P-incorreto,FN
42,correto,P-incorreto,FN
42,correto,P-incorreto,FN
42,correto,P-incorreto,FN
42,correto,P-incorreto,FN
42,correto,P-incorreto,FN
42,correto,P-incorreto,FN
42,correto,P-incorreto,FN
25,incorreto,P-incorreto,VP
42,correto,P-incorreto,FN
42,correto,P-incorreto,FN
34,incorreto,P-incorreto,VP
42,correto,P-incorreto,FN
46,incorreto,P-incorreto,VP
42,correto,P-incorreto,FN
42,correto,P-incorreto,FN
42,correto,P-incorreto,FN
40,incorreto,P-incorreto,VP
42,correto,P-incorreto,FN
42,correto,P-incorreto,FN
42,correto,P-incorreto,FN
42,correto,P-incorreto,FN
42,correto,P-incorreto,FN
42,correto,P-incorreto,FN
42,correto,P-incorreto,FN
42,correto,P-incorreto,FN
42,correto,P-incorreto,FN
42,correto,P-incorreto,FN
42,correto,P-incorreto,FN
42,correto,P-incorreto,FN
42,correto,P-incorreto,FN
42,correto,P-incorreto,FN
42,correto,P-incorreto,FN
42,correto,P-incorreto,FN
42,correto,P-incorreto,FN
42,correto,P-incorreto,FN
42,correto,P-incorreto,FN
42,correto,P-incorreto,FN
50,incorreto,P-incorreto,VP
42,correto,P-incorreto,FN
42,correto,P-incorreto,FN
42,correto,P-incorreto,FN
42,correto,P-incorreto,FN
42,correto,P-incorreto,FN
42,correto,P-incorreto,FN
42,correto,P-incorreto,FN
42,correto,P-incorreto,FN
42,correto,P-incorreto,FN
42,correto,P-incorreto,FN
42,correto,P-incorreto,FN
42,correto,P-incorreto,FN
42,correto,P-incorreto,FN
42,correto,P-incorreto,FN
42,correto,P-incorreto,FN
42,correto,P-incorreto,FN
42,correto,P-incorreto,FN
42,correto,P-incorreto,FN
42,correto,P-incorreto,FN
42,correto,P-incorreto,FN
42,correto,P-incorreto,FN
42,correto,P-incorreto,FN
55,incorreto,P-incorreto,VP
42,correto,P-incorreto,FN
42,correto,P-incorreto,FN
46,incorreto,P-incorreto,VP
54,incorreto,P-incorreto,VP
42,correto,P-incorreto,FN
42,correto,P-incorreto,FN
49,incorreto,P-incorreto,VP
42,correto,P-incorreto,FN
42,correto,P-incorreto,FN
42,correto,P-incorreto,FN
42,correto,P-incorreto,FN
42,correto,P-incorreto,FN
42,correto,P-incorreto,FN
42,correto,P-incorreto,FN
42,correto,P-incorreto,FN
42,correto,P-incorreto,FN
42,correto,P-incorreto,FN
42,correto,P-incorreto,FN
42,correto,P-incorreto,FN
42,correto,P-incorreto,FN
42,correto,P-incorreto,FN
42,correto,P-incorreto,FN
42,correto,P-incorreto,FN
42,correto,P-incorreto,FN
42,correto,P-incorreto,FN
42,correto,P-incorreto,FN
42,correto,P-incorreto,FN
42,correto,P-incorreto,FN
42,correto,P-incorreto,FN
42,correto,P-incorreto,FN
40,incorreto,P-incorreto,VP
42,correto,P-incorreto,FN
42,correto,P-incorreto,FN
42,correto,P-incorreto,FN
42,correto,P-incorreto,FN
42,correto,P-incorreto,FN
42,correto,P-incorreto,FN
42,correto,P-incorreto,FN
42,correto,P-incorreto,FN
42,correto,P-incorreto,FN
44,incorreto,P-correto,FP
42,correto,P-incorreto,FN
42,correto,P-incorreto,FN
42,correto,P-incorreto,FN
42,correto,P-incorreto,FN
42,correto,P-incorreto,FN
42,correto,P-incorreto,FN
42,correto,P-incorreto,FN
42,correto,P-incorreto,FN
42,correto,P-incorreto,FN
42,correto,P-incorreto,FN
42,correto,P-incorreto,FN
30,incorreto,P-incorreto,VP
42,correto,P-incorreto,FN
42,correto,P-incorreto,FN
42,correto,P-incorreto,FN
42,correto,P-incorreto,FN
42,correto,P-incorreto,FN
42,correto,P-incorreto,FN
48,incorreto,P-incorreto,VP
42,correto,P-incorreto,FN
42,correto,P-incorreto,FN
42,correto,P-incorreto,FN
42,correto,P-incorreto,FN
42,correto,P-incorreto,FN
42,correto,P-incorreto,FN
42,correto,P-incorreto,FN
42,correto,P-incorreto,FN
42,correto,P-incorreto,FN
42,correto,P-incorreto,FN
42,correto,P-incorreto,FN
42,correto,P-incorreto,FN
42,correto,P-incorreto,FN
42,correto,P-incorreto,FN
42,correto,P-incorreto,FN
42,correto,P-incorreto,FN
42,correto,P-incorreto,FN
42,correto,P-incorreto,FN
42,correto,P-incorreto,FN
42,correto,P-incorreto,FN
42,correto,P-incorreto,FN
42,correto,P-incorreto,FN
42,correto,P-incorreto,FN
42,correto,P-incorreto,FN
42,correto,P-incorreto,FN
42,correto,P-incorreto,FN
19,incorreto,P-incorreto,VP
42,correto,P-incorreto,FN
42,correto,P-incorreto,FN
42,correto,P-incorreto,FN
42,correto,P-incorreto,FN
31,incorreto,P-incorreto,VP
42,correto,P-incorreto,FN
42,correto,P-incorreto,FN
42,correto,P-incorreto,FN
42,correto,P-incorreto,FN
42,correto,P-incorreto,FN
42,correto,P-incorreto,FN
42,correto,P-incorreto,FN
42,correto,P-incorreto,FN
42,correto,P-incorreto,FN
42,correto,P-incorreto,FN
42,correto,P-incorreto,FN
42,correto,P-incorreto,FN
56,incorreto,P-incorreto,VP
42,correto,P-incorreto,FN
42,correto,P-incorreto,FN
42,correto,P-incorreto,FN
74,incorreto,P-incorreto,VP
42,correto,P-incorreto,FN
42,correto,P-incorreto,FN
35,incorreto,P-incorreto,VP
42,correto,P-incorreto,FN
48,incorreto,P-incorreto,VP
42,correto,P-incorreto,FN
42,correto,P-incorreto,FN
42,correto,P-incorreto,FN
50,incorreto,P-incorreto,VP
46,incorreto,P-incorreto,VP
42,correto,P-incorreto,FN
42,correto,P-incorreto,FN
42,correto,P-incorreto,FN
42,correto,P-incorreto,FN
42,correto,P-incorreto,FN
42,correto,P-incorreto,FN
55,incorreto,P-incorreto,VP
42,correto,P-incorreto,FN
42,correto,P-incorreto,FN
42,correto,P-incorreto,FN
42,correto,P-incorreto,FN
42,correto,P-incorreto,FN
42,correto,P-incorreto,FN
42,correto,P-incorreto,FN
42,correto,P-incorreto,FN
51,incorreto,P-incorreto,VP
42,correto,P-incorreto,FN
42,correto,P-incorreto,FN
42,correto,P-incorreto,FN
42,correto,P-incorreto,FN
42,correto,P-incorreto,FN
42,correto,P-incorreto,FN
42,correto,P-incorreto,FN
42,correto,P-incorreto,FN
42,correto,P-incorreto,FN
42,correto,P-incorreto,FN
42,correto,P-incorreto,FN
42,correto,P-incorreto,FN
42,correto,P-incorreto,FN
42,correto,P-incorreto,FN
42,correto,P-incorreto,FN
42,correto,P-incorreto,FN
42,correto,P-incorreto,FN
42,correto,P-incorreto,FN
42,correto,P-incorreto,FN
42,correto,P-incorreto,FN
42,correto,P-incorreto,FN
42,correto,P-incorreto,FN
42,correto,P-incorreto,FN
42,correto,P-incorreto,FN
42,correto,P-incorreto,FN
42,correto,P-incorreto,FN
42,correto,P-incorreto,FN
42,correto,P-incorreto,FN
42,correto,P-incorreto,FN
42,correto,P-incorreto,FN
46,incorreto,P-incorreto,VP
42,correto,P-incorreto,FN
42,correto,P-incorreto,FN
42,correto,P-incorreto,FN
42,correto,P-incorreto,FN
42,correto,P-incorreto,FN
42,correto,P-incorreto,FN
42,correto,P-incorreto,FN
42,correto,P-incorreto,FN
42,correto,P-incorreto,FN
42,correto,P-incorreto,FN
42,correto,P-incorreto,FN
42,correto,P-incorreto,FN
42,correto,P-incorreto,FN
50,incorreto,P-incorreto,VP
42,correto,P-incorreto,FN
42,correto,P-incorreto,FN
42,correto,P-incorreto,FN
42,correto,P-incorreto,FN
42,correto,P-incorreto,FN
42,correto,P-incorreto,FN
42,correto,P-incorreto,FN
42,correto,P-incorreto,FN
42,correto,P-incorreto,FN
42,correto,P-incorreto,FN
42,correto,P-incorreto,FN
42,correto,P-incorreto,FN
42,correto,P-incorreto,FN
42,correto,P-incorreto,FN
42,correto,P-incorreto,FN
42,correto,P-incorreto,FN
42,correto,P-incorreto,FN
42,correto,P-incorreto,FN
46,incorreto,P-incorreto,VP
42,correto,P-incorreto,FN
42,correto,P-incorreto,FN
42,correto,P-incorreto,FN
22,incorreto,P-incorreto,VP
47,incorreto,P-incorreto,VP
42,correto,P-incorreto,FN
35,incorreto,P-incorreto,VP
42,correto,P-incorreto,FN
42,correto,P-incorreto,FN
42,correto,P-incorreto,FN
42,correto,P-incorreto,FN
42,correto,P-incorreto,FN
42,correto,P-incorreto,FN
42,correto,P-incorreto,FN
42,correto,P-incorreto,FN
25,incorreto,P-incorreto,VP
42,correto,P-incorreto,FN
42,correto,P-incorreto,FN
42,correto,P-incorreto,FN
42,correto,P-incorreto,FN
42,correto,P-incorreto,FN
42,correto,P-incorreto,FN
42,correto,P-incorreto,FN
42,correto,P-incorreto,FN
20,incorreto,P-incorreto,VP
42,correto,P-incorreto,FN
42,correto,P-incorreto,FN
42,correto,P-incorreto,FN
42,correto,P-incorreto,FN
42,correto,P-incorreto,FN
42,correto,P-incorreto,FN
42,correto,P-incorreto,FN
50,incorreto,P-incorreto,VP
42,correto,P-incorreto,FN
42,correto,P-incorreto,FN
42,correto,P-incorreto,FN
42,correto,P-incorreto,FN
42,correto,P-incorreto,FN
42,correto,P-incorreto,FN
42,correto,P-incorreto,FN
42,correto,P-incorreto,FN
42,correto,P-incorreto,FN
42,correto,P-incorreto,FN
42,correto,P-incorreto,FN
42,correto,P-incorreto,FN
42,correto,P-incorreto,FN
42,correto,P-incorreto,FN
46,incorreto,P-incorreto,VP
42,correto,P-incorreto,FN
42,correto,P-incorreto,FN
42,correto,P-incorreto,FN
42,correto,P-incorreto,FN
42,correto,P-incorreto,FN
42,correto,P-incorreto,FN
42,correto,P-incorreto,FN
42,correto,P-incorreto,FN
42,correto,P-incorreto,FN
42,correto,P-incorreto,FN
42,correto,P-incorreto,FN
42,correto,P-incorreto,FN
42,correto,P-incorreto,FN
42,correto,P-incorreto,FN
42,correto,P-incorreto,FN
42,correto,P-incorreto,FN
42,correto,P-incorreto,FN
42,correto,P-incorreto,FN
42,correto,P-incorreto,FN
42,correto,P-incorreto,FN
42,correto,P-incorreto,FN
42,correto,P-incorreto,FN
42,correto,P-incorreto,FN
42,correto,P-incorreto,FN
42,correto,P-incorreto,FN
26,incorreto,P-incorreto,VP
42,correto,P-incorreto,FN
42,correto,P-incorreto,FN
42,correto,P-incorreto,FN
42,correto,P-incorreto,FN
39,incorreto,P-incorreto,VP
42,correto,P-incorreto,FN
42,correto,P-incorreto,FN
42,correto,P-incorreto,FN
42,correto,P-incorreto,FN
42,correto,P-incorreto,FN
42,correto,P-incorreto,FN
42,correto,P-incorreto,FN
42,correto,P-incorreto,FN
42,correto,P-incorreto,FN
42,correto,P-incorreto,FN
42,correto,P-incorreto,FN
42,correto,P-incorreto,FN
42,correto,P-incorreto,FN
42,correto,P-incorreto,FN
42,correto,P-incorreto,FN
42,correto,P-incorreto,FN
42,correto,P-incorreto,FN
42,correto,P-incorreto,FN
47,incorreto,P-incorreto,VP
42,correto,P-incorreto,FN
42,correto,P-incorreto,FN
42,correto,P-incorreto,FN
42,correto,P-incorreto,FN
42,correto,P-incorreto,FN
42,correto,P-incorreto,FN
42,correto,P-incorreto,FN
42,correto,P-incorreto,FN
42,correto,P-incorreto,FN
42,correto,P-incorreto,FN
42,correto,P-incorreto,FN
42,correto,P-incorreto,FN
42,correto,P-incorreto,FN
42,correto,P-incorreto,FN
42,correto,P-incorreto,FN
53,incorreto,P-incorreto,VP
42,correto,P-incorreto,FN
42,correto,P-incorreto,FN
42,correto,P-incorreto,FN
42,correto,P-incorreto,FN
42,correto,P-incorreto,FN
42,correto,P-incorreto,FN
42,correto,P-incorreto,FN
42,correto,P-incorreto,FN
42,correto,P-incorreto,FN
42,correto,P-incorreto,FN
42,correto,P-incorreto,FN
42,correto,P-incorreto,FN
42,correto,P-incorreto,FN
42,correto,P-incorreto,FN
42,correto,P-incorreto,FN
37,incorreto,P-incorreto,VP
42,correto,P-incorreto,FN
42,correto,P-incorreto,FN
42,correto,P-incorreto,FN
42,correto,P-incorreto,FN
42,correto,P-incorreto,FN
42,correto,P-incorreto,FN
42,correto,P-incorreto,FN
42,correto,P-incorreto,FN
42,correto,P-incorreto,FN
42,incorreto,P-incorreto,VP
42,correto,P-incorreto,FN
42,correto,P-incorreto,FN
42,correto,P-incorreto,FN
42,correto,P-incorreto,FN
42,correto,P-incorreto,FN
42,correto,P-incorreto,FN
35,incorreto,P-incorreto,VP
42,correto,P-incorreto,FN
42,correto,P-incorreto,FN
42,correto,P-incorreto,FN
47,incorreto,P-incorreto,VP
42,correto,P-incorreto,FN
42,correto,P-incorreto,FN
42,correto,P-incorreto,FN
42,correto,P-incorreto,FN
42,correto,P-incorreto,FN
42,correto,P-incorreto,FN
47,incorreto,P-incorreto,VP
42,correto,P-incorreto,FN
42,correto,P-incorreto,FN
59,incorreto,P-incorreto,VP
42,correto,P-incorreto,FN
42,correto,P-incorreto,FN
42,correto,P-incorreto,FN
36,incorreto,P-incorreto,VP
42,correto,P-incorreto,FN
42,correto,P-incorreto,FN
42,correto,P-incorreto,FN
42,correto,P-incorreto,FN
42,correto,P-incorreto,FN
42,correto,P-incorreto,FN
42,correto,P-incorreto,FN
42,correto,P-incorreto,FN
42,correto,P-incorreto,FN
41,incorreto,P-correto,FP
42,correto,P-incorreto,FN
42,correto,P-incorreto,FN
42,correto,P-incorreto,FN
42,correto,P-incorreto,FN
42,correto,P-incorreto,FN
42,correto,P-incorreto,FN
42,correto,P-incorreto,FN
42,correto,P-incorreto,FN
42,correto,P-incorreto,FN
42,correto,P-incorreto,FN
42,correto,P-incorreto,FN
42,correto,P-incorreto,FN
42,correto,P-incorreto,FN
42,correto,P-incorreto,FN
42,correto,P-incorreto,FN
42,correto,P-incorreto,FN
42,correto,P-incorreto,FN
42,correto,P-incorreto,FN
42,correto,P-incorreto,FN
42,correto,P-incorreto,FN
45,incorreto,P-incorreto,VP
42,correto,P-incorreto,FN
42,correto,P-incorreto,FN
42,correto,P-incorreto,FN
42,correto,P-incorreto,FN
42,correto,P-incorreto,FN
42,correto,P-incorreto,FN
42,correto,P-incorreto,FN
42,correto,P-incorreto,FN
42,correto,P-incorreto,FN
42,correto,P-incorreto,FN
42,correto,P-incorreto,FN
42,correto,P-incorreto,FN
42,correto,P-incorreto,FN
42,correto,P-incorreto,FN
42,correto,P-incorreto,FN
42,correto,P-incorreto,FN
42,correto,P-incorreto,FN
42,correto,P-incorreto,FN
42,correto,P-incorreto,FN
24,incorreto,P-incorreto,VP
42,correto,P-incorreto,FN
51,incorreto,P-incorreto,VP
42,correto,P-incorreto,FN
42,correto,P-incorreto,FN
32,incorreto,P-incorreto,VP
42,correto,P-incorreto,FN
38,incorreto,P-incorreto,VP
42,correto,P-incorreto,FN
42,correto,P-incorreto,FN
42,correto,P-incorreto,FN
42,correto,P-incorreto,FN
37,incorreto,P-incorreto,VP
42,correto,P-incorreto,FN
42,correto,P-incorreto,FN
42,correto,P-incorreto,FN
42,correto,P-incorreto,FN
42,correto,P-incorreto,FN
42,correto,P-incorreto,FN
42,correto,P-incorreto,FN
42,correto,P-incorreto,FN
42,correto,P-incorreto,FN
42,correto,P-incorreto,FN
34,incorreto,P-incorreto,VP
42,correto,P-incorreto,FN
42,correto,P-incorreto,FN
42,correto,P-incorreto,FN
42,correto,P-incorreto,FN
42,correto,P-incorreto,FN
42,correto,P-incorreto,FN
28,incorreto,P-incorreto,VP
42,correto,P-incorreto,FN
28,incorreto,P-incorreto,VP
42,correto,P-incorreto,FN
29,incorreto,P-incorreto,VP
42,correto,P-incorreto,FN
42,correto,P-incorreto,FN
50,incorreto,P-incorreto,VP
42,correto,P-incorreto,FN
42,correto,P-incorreto,FN
28,incorreto,P-incorreto,VP
42,correto,P-incorreto,FN
42,correto,P-incorreto,FN
42,correto,P-incorreto,FN
42,correto,P-incorreto,FN
44,incorreto,P-correto,FP
42,correto,P-incorreto,FN
42,correto,P-incorreto,FN
35,incorreto,P-incorreto,VP
42,correto,P-incorreto,FN
42,correto,P-incorreto,FN
42,correto,P-incorreto,FN
47,incorreto,P-incorreto,VP
42,correto,P-incorreto,FN
42,correto,P-incorreto,FN
42,correto,P-incorreto,FN
42,correto,P-incorreto,FN
42,correto,P-incorreto,FN
42,correto,P-incorreto,FN
42,correto,P-incorreto,FN
42,correto,P-incorreto,FN
42,correto,P-incorreto,FN
42,correto,P-incorreto,FN
42,correto,P-incorreto,FN
42,correto,P-incorreto,FN
42,correto,P-incorreto,FN
42,correto,P-incorreto,FN
42,correto,P-incorreto,FN
42,correto,P-incorreto,FN
42,correto,P-incorreto,FN
42,correto,P-incorreto,FN
42,correto,P-incorreto,FN
42,correto,P-incorreto,FN
42,correto,P-incorreto,FN
42,correto,P-incorreto,FN
42,correto,P-incorreto,FN
42,correto,P-incorreto,FN
42,correto,P-incorreto,FN
42,correto,P-incorreto,FN
42,correto,P-incorreto,FN
42,correto,P-incorreto,FN
42,correto,P-incorreto,FN
42,correto,P-incorreto,FN
42,correto,P-incorreto,FN
42,correto,P-incorreto,FN
42,incorreto,P-incorreto,VP
42,correto,P-incorreto,FN
42,correto,P-incorreto,FN
42,correto,P-incorreto,FN
42,correto,P-incorreto,FN
42,correto,P-incorreto,FN
42,correto,P-incorreto,FN
42,correto,P-incorreto,FN
42,correto,P-incorreto,FN
42,correto,P-incorreto,FN
42,correto,P-incorreto,FN
42,correto,P-incorreto,FN
42,correto,P-incorreto,FN
42,correto,P-incorreto,FN
42,correto,P-incorreto,FN
42,correto,P-incorreto,FN
42,correto,P-incorreto,FN
42,correto,P-incorreto,FN
42,correto,P-incorreto,FN
42,correto,P-incorreto,FN
42,correto,P-incorreto,FN
42,correto,P-incorreto,FN
43,incorreto,P-correto,FP
42,correto,P-incorreto,FN
42,correto,P-incorreto,FN
42,correto,P-incorreto,FN
48,incorreto,P-incorreto,VP
56,incorreto,P-incorreto,VP
42,correto,P-incorreto,FN
42,correto,P-incorreto,FN
42,correto,P-incorreto,FN
42,correto,P-incorreto,FN
47,incorreto,P-incorreto,VP
40,incorreto,P-incorreto,VP
42,correto,P-incorreto,FN
42,correto,P-incorreto,FN
42,correto,P-incorreto,FN
42,correto,P-incorreto,FN
42,correto,P-incorreto,FN
42,correto,P-incorreto,FN
42,correto,P-incorreto,FN
42,correto,P-incorreto,FN
42,correto,P-incorreto,FN
42,correto,P-incorreto,FN
42,correto,P-incorreto,FN
42,correto,P-incorreto,FN
42,correto,P-incorreto,FN
42,correto,P-incorreto,FN
42,correto,P-incorreto,FN
42,correto,P-incorreto,FN
35,incorreto,P-incorreto,VP
42,correto,P-incorreto,FN
42,correto,P-incorreto,FN
42,correto,P-incorreto,FN
42,correto,P-incorreto,FN
42,correto,P-incorreto,FN
42,correto,P-incorreto,FN
42,correto,P-incorreto,FN
42,correto,P-incorreto,FN
42,incorreto,P-incorreto,VP
42,correto,P-incorreto,FN
45,incorreto,P-incorreto,VP
42,correto,P-incorreto,FN
42,correto,P-incorreto,FN
42,correto,P-incorreto,FN
42,correto,P-incorreto,FN
42,correto,P-incorreto,FN
42,correto,P-incorreto,FN
39,incorreto,P-incorreto,VP
42,correto,P-incorreto,FN
47,incorreto,P-incorreto,VP
42,correto,P-incorreto,FN
42,correto,P-incorreto,FN
42,correto,P-incorreto,FN
42,correto,P-incorreto,FN
42,correto,P-incorreto,FN
42,correto,P-incorreto,FN
42,correto,P-incorreto,FN
42,correto,P-incorreto,FN
42,correto,P-incorreto,FN
42,correto,P-incorreto,FN
42,correto,P-incorreto,FN
54,incorreto,P-incorreto,VP
42,correto,P-incorreto,FN
39,incorreto,P-incorreto,VP
42,correto,P-incorreto,FN
42,correto,P-incorreto,FN
42,correto,P-incorreto,FN
42,correto,P-incorreto,FN
42,correto,P-incorreto,FN
42,correto,P-incorreto,FN
42,correto,P-incorreto,FN
42,correto,P-incorreto,FN
42,correto,P-incorreto,FN
42,correto,P-incorreto,FN
42,correto,P-incorreto,FN
42,correto,P-incorreto,FN
42,correto,P-incorreto,FN
42,correto,P-incorreto,FN
42,correto,P-incorreto,FN
42,correto,P-incorreto,FN
42,correto,P-incorreto,FN
42,correto,P-incorreto,FN
42,correto,P-incorreto,FN
42,correto,P-incorreto,FN
42,correto,P-incorreto,FN
42,correto,P-incorreto,FN
42,correto,P-incorreto,FN
42,correto,P-incorreto,FN
42,correto,P-incorreto,FN
42,correto,P-incorreto,FN
42,correto,P-incorreto,FN
42,correto,P-incorreto,FN
42,correto,P-incorreto,FN
42,correto,P-incorreto,FN
42,correto,P-incorreto,FN
42,correto,P-incorreto,FN
42,correto,P-incorreto,FN
42,correto,P-incorreto,FN
36,incorreto,P-incorreto,VP
42,correto,P-incorreto,FN
42,correto,P-incorreto,FN
42,correto,P-incorreto,FN
42,correto,P-incorreto,FN
39,incorreto,P-incorreto,VP
42,correto,P-incorreto,FN
42,correto,P-incorreto,FN
42,correto,P-incorreto,FN
68,incorreto,P-incorreto,VP
42,correto,P-incorreto,FN
42,correto,P-incorreto,FN
42,correto,P-incorreto,FN
42,correto,P-incorreto,FN
42,correto,P-incorreto,FN
42,correto,P-incorreto,FN
42,correto,P-incorreto,FN
42,correto,P-incorreto,FN
42,correto,P-incorreto,FN
42,correto,P-incorreto,FN
42,correto,P-incorreto,FN
15,incorreto,P-incorreto,VP
42,correto,P-incorreto,FN
42,correto,P-incorreto,FN
42,correto,P-incorreto,FN
42,correto,P-incorreto,FN
42,correto,P-incorreto,FN
42,correto,P-incorreto,FN
42,correto,P-incorreto,FN
42,correto,P-incorreto,FN
42,correto,P-incorreto,FN
42,correto,P-incorreto,FN
49,incorreto,P-incorreto,VP
42,correto,P-incorreto,FN
42,correto,P-incorreto,FN
42,correto,P-incorreto,FN
39,incorreto,P-incorreto,VP
42,correto,P-incorreto,FN
42,correto,P-incorreto,FN
42,correto,P-incorreto,FN
42,correto,P-incorreto,FN
42,correto,P-incorreto,FN
42,correto,P-incorreto,FN
42,correto,P-incorreto,FN
42,correto,P-incorreto,FN
42,correto,P-incorreto,FN
42,correto,P-incorreto,FN
50,incorreto,P-incorreto,VP
42,correto,P-incorreto,FN
42,correto,P-incorreto,FN
42,correto,P-incorreto,FN
42,correto,P-incorreto,FN
42,correto,P-incorreto,FN
42,correto,P-incorreto,FN
42,correto,P-incorreto,FN
42,correto,P-incorreto,FN
42,correto,P-incorreto,FN
42,correto,P-incorreto,FN
42,correto,P-incorreto,FN
42,incorreto,P-incorreto,VP
42,correto,P-incorreto,FN
36,incorreto,P-incorreto,VP
42,correto,P-incorreto,FN
42,correto,P-incorreto,FN
42,correto,P-incorreto,FN
42,correto,P-incorreto,FN
42,correto,P-incorreto,FN
46,incorreto,P-incorreto,VP
42,correto,P-incorreto,FN
42,correto,P-incorreto,FN
42,correto,P-incorreto,FN
42,correto,P-incorreto,FN
42,incorreto,P-incorreto,VP
42,correto,P-incorreto,FN
42,correto,P-incorreto,FN
42,correto,P-incorreto,FN
42,correto,P-incorreto,FN
42,correto,P-incorreto,FN
42,correto,P-incorreto,FN
42,correto,P-incorreto,FN
42,correto,P-incorreto,FN
42,correto,P-incorreto,FN
42,correto,P-incorreto,FN
42,correto,P-incorreto,FN
42,correto,P-incorreto,FN
42,correto,P-incorreto,FN
42,correto,P-incorreto,FN
42,correto,P-incorreto,FN
42,correto,P-incorreto,FN
42,correto,P-incorreto,FN
42,correto,P-incorreto,FN
51,incorreto,P-incorreto,VP
42,correto,P-incorreto,FN
42,correto,P-incorreto,FN
37,incorreto,P-incorreto,VP
44,incorreto,P-correto,FP
42,correto,P-incorreto,FN
42,correto,P-incorreto,FN
42,correto,P-incorreto,FN
53,incorreto,P-incorreto,VP
42,correto,P-incorreto,FN
42,correto,P-incorreto,FN
42,correto,P-incorreto,FN
42,correto,P-incorreto,FN
42,correto,P-incorreto,FN
42,correto,P-incorreto,FN
42,correto,P-incorreto,FN
66,incorreto,P-incorreto,VP
42,correto,P-incorreto,FN
42,correto,P-incorreto,FN
42,correto,P-incorreto,FN
42,correto,P-incorreto,FN
42,correto,P-incorreto,FN
42,correto,P-incorreto,FN
42,correto,P-incorreto,FN
50,incorreto,P-incorreto,VP
20,incorreto,P-incorreto,VP
42,correto,P-incorreto,FN
49,incorreto,P-incorreto,VP
42,correto,P-incorreto,FN
42,correto,P-incorreto,FN
42,correto,P-incorreto,FN
42,correto,P-incorreto,FN
42,correto,P-incorreto,FN
42,correto,P-incorreto,FN
42,correto,P-incorreto,FN
42,correto,P-incorreto,FN
42,correto,P-incorreto,FN
42,correto,P-incorreto,FN
42,correto,P-incorreto,FN
42,correto,P-incorreto,FN
42,correto,P-incorreto,FN
42,correto,P-incorreto,FN
42,correto,P-incorreto,FN
42,correto,P-incorreto,FN
42,correto,P-incorreto,FN
42,correto,P-incorreto,FN
42,correto,P-incorreto,FN
42,correto,P-incorreto,FN
42,correto,P-incorreto,FN
42,correto,P-incorreto,FN
42,correto,P-incorreto,FN
42,correto,P-incorreto,FN
42,correto,P-incorreto,FN
42,correto,P-incorreto,FN
42,correto,P-incorreto,FN
42,correto,P-incorreto,FN
42,correto,P-incorreto,FN
41,incorreto,P-correto,FP
42,correto,P-incorreto,FN
42,correto,P-incorreto,FN
42,correto,P-incorreto,FN
42,correto,P-incorreto,FN
42,correto,P-incorreto,FN
42,correto,P-incorreto,FN
42,correto,P-incorreto,FN
42,correto,P-incorreto,FN
37,incorreto,P-incorreto,VP
42,correto,P-incorreto,FN
42,correto,P-incorreto,FN
42,correto,P-incorreto,FN
30,incorreto,P-incorreto,VP
42,correto,P-incorreto,FN
42,correto,P-incorreto,FN
42,correto,P-incorreto,FN
42,correto,P-incorreto,FN
42,correto,P-incorreto,FN
42,correto,P-incorreto,FN
42,correto,P-incorreto,FN
42,correto,P-incorreto,FN
42,correto,P-incorreto,FN
42,correto,P-incorreto,FN
42,correto,P-incorreto,FN
42,correto,P-incorreto,FN
42,correto,P-incorreto,FN
42,correto,P-incorreto,FN
42,correto,P-incorreto,FN
42,correto,P-incorreto,FN
42,correto,P-incorreto,FN
42,correto,P-incorreto,FN
34,incorreto,P-incorreto,VP
42,correto,P-incorreto,FN
42,correto,P-incorreto,FN
42,correto,P-incorreto,FN
42,correto,P-incorreto,FN
42,correto,P-incorreto,FN
42,correto,P-incorreto,FN
42,correto,P-incorreto,FN
33,incorreto,P-incorreto,VP
48,incorreto,P-incorreto,VP
42,correto,P-incorreto,FN
42,correto,P-incorreto,FN
42,correto,P-incorreto,FN
42,correto,P-incorreto,FN
42,correto,P-incorreto,FN
42,correto,P-incorreto,FN
42,correto,P-incorreto,FN
42,correto,P-incorreto,FN
42,correto,P-incorreto,FN
42,correto,P-incorreto,FN
42,correto,P-incorreto,FN
42,correto,P-incorreto,FN
42,correto,P-incorreto,FN
42,correto,P-incorreto,FN
42,correto,P-incorreto,FN
42,correto,P-incorreto,FN
42,correto,P-incorreto,FN
42,correto,P-incorreto,FN
42,correto,P-incorreto,FN
42,correto,P-incorreto,FN
42,correto,P-incorreto,FN
54,incorreto,P-incorreto,VP
42,correto,P-incorreto,FN
48,incorreto,P-incorreto,VP
42,correto,P-incorreto,FN
42,correto,P-incorreto,FN
42,correto,P-incorreto,FN
42,correto,P-incorreto,FN
42,correto,P-incorreto,FN
42,correto,P-incorreto,FN
42,correto,P-incorreto,FN
42,correto,P-incorreto,FN
42,correto,P-incorreto,FN
42,correto,P-incorreto,FN
42,correto,P-incorreto,FN
42,correto,P-incorreto,FN
42,correto,P-incorreto,FN
42,correto,P-incorreto,FN
42,correto,P-incorreto,FN
42,correto,P-incorreto,FN
42,correto,P-incorreto,FN
42,correto,P-incorreto,FN
42,correto,P-incorreto,FN
42,correto,P-incorreto,FN
42,correto,P-incorreto,FN
42,correto,P-incorreto,FN
42,correto,P-incorreto,FN
42,correto,P-incorreto,FN
42,correto,P-incorreto,FN
42,correto,P-incorreto,FN
42,correto,P-incorreto,FN
42,correto,P-incorreto,FN
42,correto,P-incorreto,FN
42,correto,P-incorreto,FN
42,correto,P-incorreto,FN
42,correto,P-incorreto,FN
42,correto,P-incorreto,FN
42,correto,P-incorreto,FN
42,correto,P-incorreto,FN
42,correto,P-incorreto,FN
42,correto,P-incorreto,FN
42,correto,P-incorreto,FN
42,correto,P-incorreto,FN
42,correto,P-incorreto,FN
42,correto,P-incorreto,FN
42,correto,P-incorreto,FN
42,correto,P-incorreto,FN
42,correto,P-incorreto,FN
42,correto,P-incorreto,FN
29,incorreto,P-incorreto,VP
42,correto,P-incorreto,FN
42,correto,P-incorreto,FN
42,correto,P-incorreto,FN
42,correto,P-incorreto,FN
42,correto,P-incorreto,FN
42,correto,P-incorreto,FN
42,correto,P-incorreto,FN
42,correto,P-incorreto,FN
42,correto,P-incorreto,FN
42,correto,P-incorreto,FN
42,correto,P-incorreto,FN
42,correto,P-incorreto,FN
42,correto,P-incorreto,FN
42,correto,P-incorreto,FN
42,correto,P-incorreto,FN
42,correto,P-incorreto,FN
42,correto,P-incorreto,FN
42,correto,P-incorreto,FN
42,correto,P-incorreto,FN
56,incorreto,P-incorreto,VP
55,incorreto,P-incorreto,VP
42,correto,P-incorreto,FN
42,correto,P-incorreto,FN
42,correto,P-incorreto,FN
42,correto,P-incorreto,FN
42,correto,P-incorreto,FN
42,correto,P-incorreto,FN
42,correto,P-incorreto,FN
42,correto,P-incorreto,FN
42,correto,P-incorreto,FN
42,correto,P-incorreto,FN
42,correto,P-incorreto,FN
42,correto,P-incorreto,FN
42,correto,P-incorreto,FN
47,incorreto,P-incorreto,VP
42,correto,P-incorreto,FN
42,correto,P-incorreto,FN
42,correto,P-incorreto,FN
42,correto,P-incorreto,FN
42,correto,P-incorreto,FN
42,correto,P-incorreto,FN
42,correto,P-incorreto,FN
42,correto,P-incorreto,FN
42,correto,P-incorreto,FN
42,correto,P-incorreto,FN
42,correto,P-incorreto,FN
42,correto,P-incorreto,FN
42,correto,P-incorreto,FN
42,correto,P-incorreto,FN
42,correto,P-incorreto,FN
42,correto,P-incorreto,FN
42,correto,P-incorreto,FN
42,correto,P-incorreto,FN
42,correto,P-incorreto,FN
42,correto,P-incorreto,FN
51,incorreto,P-incorreto,VP
42,correto,P-incorreto,FN
42,correto,P-incorreto,FN
65,incorreto,P-incorreto,VP
42,correto,P-incorreto,FN
42,correto,P-incorreto,FN
42,correto,P-incorreto,FN
42,correto,P-incorreto,FN
42,correto,P-incorreto,FN
42,correto,P-incorreto,FN
42,correto,P-incorreto,FN
42,correto,P-incorreto,FN
42,correto,P-incorreto,FN
27,incorreto,P-incorreto,VP
42,correto,P-incorreto,FN
42,correto,P-incorreto,FN
42,correto,P-incorreto,FN
42,correto,P-incorreto,FN
42,correto,P-incorreto,FN
50,incorreto,P-incorreto,VP
42,correto,P-incorreto,FN
42,correto,P-incorreto,FN
42,correto,P-incorreto,FN
42,correto,P-incorreto,FN
42,correto,P-incorreto,FN
42,correto,P-incorreto,FN
42,correto,P-incorreto,FN
42,correto,P-incorreto,FN
31,incorreto,P-incorreto,VP
42,correto,P-incorreto,FN
42,correto,P-incorreto,FN
41,incorreto,P-correto,FP
42,correto,P-incorreto,FN
42,correto,P-incorreto,FN
42,correto,P-incorreto,FN
42,correto,P-incorreto,FN
42,correto,P-incorreto,FN
42,correto,P-incorreto,FN
42,correto,P-incorreto,FN
42,correto,P-incorreto,FN
42,correto,P-incorreto,FN
28,incorreto,P-incorreto,VP
42,correto,P-incorreto,FN
42,correto,P-incorreto,FN
42,correto,P-incorreto,FN
42,correto,P-incorreto,FN
44,incorreto,P-correto,FP
42,correto,P-incorreto,FN
42,correto,P-incorreto,FN
42,correto,P-incorreto,FN
42,correto,P-incorreto,FN
42,correto,P-incorreto,FN
42,correto,P-incorreto,FN
42,correto,P-incorreto,FN
42,correto,P-incorreto,FN
42,correto,P-incorreto,FN
42,incorreto,P-incorreto,VP
42,correto,P-incorreto,FN
42,correto,P-incorreto,FN
42,correto,P-incorreto,FN
42,correto,P-incorreto,FN
42,correto,P-incorreto,FN
42,correto,P-incorreto,FN
42,correto,P-incorreto,FN
42,correto,P-incorreto,FN
42,correto,P-incorreto,FN
42,correto,P-incorreto,FN
42,correto,P-incorreto,FN
42,correto,P-incorreto,FN
42,correto,P-incorreto,FN
42,correto,P-incorreto,FN
42,correto,P-incorreto,FN
42,correto,P-incorreto,FN
42,correto,P-incorreto,FN
48,incorreto,P-incorreto,VP
42,correto,P-incorreto,FN
42,correto,P-incorreto,FN
42,correto,P-incorreto,FN
42,correto,P-incorreto,FN
42,correto,P-incorreto,FN
42,correto,P-incorreto,FN
42,correto,P-incorreto,FN
42,correto,P-incorreto,FN
42,correto,P-incorreto,FN
42,correto,P-incorreto,FN
42,correto,P-incorreto,FN
42,correto,P-incorreto,FN
42,incorreto,P-incorreto,VP
42,correto,P-incorreto,FN
42,correto,P-incorreto,FN
42,correto,P-incorreto,FN
46,incorreto,P-incorreto,VP
42,correto,P-incorreto,FN
42,correto,P-incorreto,FN
42,correto,P-incorreto,FN
42,correto,P-incorreto,FN
42,correto,P-incorreto,FN
42,correto,P-incorreto,FN
42,correto,P-incorreto,FN
42,correto,P-incorreto,FN
42,correto,P-incorreto,FN
42,correto,P-incorreto,FN
42,correto,P-incorreto,FN
42,correto,P-incorreto,FN
42,correto,P-incorreto,FN
42,correto,P-incorreto,FN
52,incorreto,P-incorreto,VP
55,incorreto,P-incorreto,VP
42,correto,P-incorreto,FN
42,correto,P-incorreto,FN
42,correto,P-incorreto,FN
42,correto,P-incorreto,FN
42,correto,P-incorreto,FN
42,correto,P-incorreto,FN
42,correto,P-incorreto,FN
42,correto,P-incorreto,FN
42,correto,P-incorreto,FN
42,correto,P-incorreto,FN
42,correto,P-incorreto,FN
42,correto,P-incorreto,FN
42,correto,P-incorreto,FN
42,correto,P-incorreto,FN
44,incorreto,P-correto,FP
42,correto,P-incorreto,FN
42,correto,P-incorreto,FN
42,correto,P-incorreto,FN
42,correto,P-incorreto,FN
42,correto,P-incorreto,FN
42,correto,P-incorreto,FN
42,correto,P-incorreto,FN
42,correto,P-incorreto,FN
50,incorreto,P-incorreto,VP
42,correto,P-incorreto,FN
42,correto,P-incorreto,FN
42,correto,P-incorreto,FN
42,correto,P-incorreto,FN
42,correto,P-incorreto,FN
42,correto,P-incorreto,FN
42,correto,P-incorreto,FN
29,incorreto,P-incorreto,VP
42,correto,P-incorreto,FN
42,correto,P-incorreto,FN
47,incorreto,P-incorreto,VP
42,correto,P-incorreto,FN
42,correto,P-incorreto,FN
42,correto,P-incorreto,FN
42,correto,P-incorreto,FN
42,correto,P-incorreto,FN
42,correto,P-incorreto,FN
42,correto,P-incorreto,FN
42,correto,P-incorreto,FN
42,correto,P-incorreto,FN
42,correto,P-incorreto,FN
42,correto,P-incorreto,FN
42,correto,P-incorreto,FN
56,incorreto,P-incorreto,VP
42,correto,P-incorreto,FN
42,correto,P-incorreto,FN
42,correto,P-incorreto,FN
42,correto,P-incorreto,FN
42,correto,P-incorreto,FN
42,correto,P-incorreto,FN
42,correto,P-incorreto,FN
33,incorreto,P-incorreto,VP
42,correto,P-incorreto,FN
42,correto,P-incorreto,FN
42,correto,P-incorreto,FN
42,correto,P-incorreto,FN
42,correto,P-incorreto,FN
54,incorreto,P-incorreto,VP
42,correto,P-incorreto,FN
42,correto,P-incorreto,FN
42,correto,P-incorreto,FN
42,correto,P-incorreto,FN
42,correto,P-incorreto,FN
42,correto,P-incorreto,FN
42,correto,P-incorreto,FN
42,correto,P-incorreto,FN
42,correto,P-incorreto,FN
42,correto,P-incorreto,FN
42,correto,P-incorreto,FN
42,correto,P-incorreto,FN
42,correto,P-incorreto,FN
42,correto,P-incorreto,FN
49,incorreto,P-incorreto,VP
42,correto,P-incorreto,FN
42,correto,P-incorreto,FN
42,correto,P-incorreto,FN
42,correto,P-incorreto,FN
42,correto,P-incorreto,FN
42,correto,P-incorreto,FN
42,correto,P-incorreto,FN
42,correto,P-incorreto,FN
42,correto,P-incorreto,FN
42,correto,P-incorreto,FN
42,correto,P-incorreto,FN
42,correto,P-incorreto,FN
42,correto,P-incorreto,FN
42,correto,P-incorreto,FN
42,correto,P-incorreto,FN
42,correto,P-incorreto,FN
42,correto,P-incorreto,FN
42,correto,P-incorreto,FN
39,incorreto,P-incorreto,VP
42,incorreto,P-incorreto,VP
42,correto,P-incorreto,FN
45,incorreto,P-incorreto,VP
29,incorreto,P-incorreto,VP
42,correto,P-incorreto,FN
29,incorreto,P-incorreto,VP
42,correto,P-incorreto,FN
42,correto,P-incorreto,FN
42,correto,P-incorreto,FN
42,correto,P-incorreto,FN
42,correto,P-incorreto,FN
42,correto,P-incorreto,FN
42,correto,P-incorreto,FN
42,correto,P-incorreto,FN
42,correto,P-incorreto,FN
42,correto,P-incorreto,FN
42,correto,P-incorreto,FN
42,correto,P-incorreto,FN
42,correto,P-incorreto,FN
42,correto,P-incorreto,FN
42,correto,P-incorreto,FN
42,correto,P-incorreto,FN
31,incorreto,P-incorreto,VP
42,correto,P-incorreto,FN
42,correto,P-incorreto,FN
42,correto,P-incorreto,FN
42,correto,P-incorreto,FN
42,correto,P-incorreto,FN
10,incorreto,P-incorreto,VP
42,correto,P-incorreto,FN
42,correto,P-incorreto,FN
42,correto,P-incorreto,FN
42,correto,P-incorreto,FN
42,correto,P-incorreto,FN
42,correto,P-incorreto,FN
42,correto,P-incorreto,FN
52,incorreto,P-incorreto,VP
42,correto,P-incorreto,FN
42,correto,P-incorreto,FN
42,correto,P-incorreto,FN
42,correto,P-incorreto,FN
42,correto,P-incorreto,FN
42,correto,P-incorreto,FN
42,correto,P-incorreto,FN
42,correto,P-incorreto,FN
23,incorreto,P-incorreto,VP
42,correto,P-incorreto,FN
42,correto,P-incorreto,FN
42,correto,P-incorreto,FN
42,correto,P-incorreto,FN
35,incorreto,P-incorreto,VP
42,correto,P-incorreto,FN
42,correto,P-incorreto,FN
42,correto,P-incorreto,FN
42,correto,P-incorreto,FN
42,correto,P-incorreto,FN
42,correto,P-incorreto,FN
42,correto,P-incorreto,FN
42,correto,P-incorreto,FN
42,correto,P-incorreto,FN
42,correto,P-incorreto,FN
42,correto,P-incorreto,FN
28,incorreto,P-incorreto,VP
42,correto,P-incorreto,FN
42,correto,P-incorreto,FN
42,correto,P-incorreto,FN
42,correto,P-incorreto,FN
42,correto,P-incorreto,FN
42,correto,P-incorreto,FN
42,correto,P-incorreto,FN
42,correto,P-incorreto,FN
42,correto,P-incorreto,FN
42,correto,P-incorreto,FN
42,correto,P-incorreto,FN
42,correto,P-incorreto,FN
42,correto,P-incorreto,FN
42,correto,P-incorreto,FN
42,correto,P-incorreto,FN
42,correto,P-incorreto,FN
42,correto,P-incorreto,FN
42,correto,P-incorreto,FN
42,correto,P-incorreto,FN
42,correto,P-incorreto,FN
42,correto,P-incorreto,FN
41,incorreto,P-correto,FP
42,correto,P-incorreto,FN
42,correto,P-incorreto,FN
42,correto,P-incorreto,FN
42,correto,P-incorreto,FN
53,incorreto,P-incorreto,VP
42,correto,P-incorreto,FN
42,correto,P-incorreto,FN
42,correto,P-incorreto,FN
42,correto,P-incorreto,FN
42,correto,P-incorreto,FN
42,correto,P-incorreto,FN
42,correto,P-incorreto,FN
42,correto,P-incorreto,FN
42,correto,P-incorreto,FN
42,correto,P-incorreto,FN
42,correto,P-incorreto,FN
27,incorreto,P-incorreto,VP
42,correto,P-incorreto,FN
42,correto,P-incorreto,FN
42,correto,P-incorreto,FN
42,correto,P-incorreto,FN
42,correto,P-incorreto,FN
42,correto,P-incorreto,FN
42,correto,P-incorreto,FN
42,correto,P-incorreto,FN
42,correto,P-incorreto,FN
42,correto,P-incorreto,FN
42,correto,P-incorreto,FN
58,incorreto,P-incorreto,VP
42,correto,P-incorreto,FN
42,correto,P-incorreto,FN
42,correto,P-incorreto,FN
42,correto,P-incorreto,FN
42,correto,P-incorreto,FN
42,correto,P-incorreto,FN
42,correto,P-incorreto,FN
42,correto,P-incorreto,FN
42,correto,P-incorreto,FN
48,incorreto,P-incorreto,VP
33,incorreto,P-incorreto,VP
42,correto,P-incorreto,FN
42,correto,P-incorreto,FN
42,correto,P-incorreto,FN
48,incorreto,P-incorreto,VP
42,correto,P-incorreto,FN
42,correto,P-incorreto,FN
42,correto,P-incorreto,FN
36,incorreto,P-incorreto,VP
34,incorreto,P-incorreto,VP
42,correto,P-incorreto,FN
42,correto,P-incorreto,FN
42,correto,P-incorreto,FN
43,incorreto,P-correto,FP
42,correto,P-incorreto,FN
56,incorreto,P-incorreto,VP
42,correto,P-incorreto,FN
42,correto,P-incorreto,FN
42,correto,P-incorreto,FN
42,correto,P-incorreto,FN
42,correto,P-incorreto,FN
42,correto,P-incorreto,FN
42,correto,P-incorreto,FN
42,correto,P-incorreto,FN
42,correto,P-incorreto,FN
42,correto,P-incorreto,FN
44,incorreto,P-correto,FP
42,correto,P-incorreto,FN
41,incorreto,P-correto,FP
42,correto,P-incorreto,FN
27,incorreto,P-incorreto,VP
46,incorreto,P-incorreto,VP
42,correto,P-incorreto,FN
42,correto,P-incorreto,FN
42,correto,P-incorreto,FN
42,correto,P-incorreto,FN
42,correto,P-incorreto,FN
42,correto,P-incorreto,FN
42,correto,P-incorreto,FN
42,correto,P-incorreto,FN
42,correto,P-incorreto,FN
42,correto,P-incorreto,FN
42,correto,P-incorreto,FN
42,correto,P-incorreto,FN
42,correto,P-incorreto,FN
42,correto,P-incorreto,FN
42,correto,P-incorreto,FN
40,incorreto,P-incorreto,VP
76,incorreto,P-incorreto,VP
42,correto,P-incorreto,FN
42,correto,P-incorreto,FN
37,incorreto,P-incorreto,VP
42,correto,P-incorreto,FN
42,correto,P-incorreto,FN
42,correto,P-incorreto,FN
42,correto,P-incorreto,FN
42,correto,P-incorreto,FN
42,correto,P-incorreto,FN
42,correto,P-incorreto,FN
42,correto,P-incorreto,FN
42,correto,P-incorreto,FN
42,correto,P-incorreto,FN
42,correto,P-incorreto,FN
42,correto,P-incorreto,FN
42,correto,P-incorreto,FN
42,correto,P-incorreto,FN
42,correto,P-incorreto,FN
42,correto,P-incorreto,FN
42,correto,P-incorreto,FN
42,correto,P-incorreto,FN
42,correto,P-incorreto,FN
42,correto,P-incorreto,FN
42,correto,P-incorreto,FN
42,correto,P-incorreto,FN
42,correto,P-incorreto,FN
42,correto,P-incorreto,FN
42,correto,P-incorreto,FN
42,correto,P-incorreto,FN
42,correto,P-incorreto,FN
42,correto,P-incorreto,FN
42,correto,P-incorreto,FN
42,correto,P-incorreto,FN
42,correto,P-incorreto,FN
42,correto,P-incorreto,FN
42,correto,P-incorreto,FN
42,correto,P-incorreto,FN
42,correto,P-incorreto,FN
42,correto,P-incorreto,FN
42,correto,P-incorreto,FN
42,correto,P-incorreto,FN
42,correto,P-incorreto,FN
42,correto,P-incorreto,FN
42,correto,P-incorreto,FN
42,correto,P-incorreto,FN
42,correto,P-incorreto,FN
51,incorreto,P-incorreto,VP
42,correto,P-incorreto,FN
42,correto,P-incorreto,FN
42,correto,P-incorreto,FN
42,correto,P-incorreto,FN
35,incorreto,P-incorreto,VP
42,correto,P-incorreto,FN
53,incorreto,P-incorreto,VP
42,correto,P-incorreto,FN
42,correto,P-incorreto,FN
42,correto,P-incorreto,FN
42,correto,P-incorreto,FN
42,correto,P-incorreto,FN
42,correto,P-incorreto,FN
42,correto,P-incorreto,FN
42,correto,P-incorreto,FN
42,correto,P-incorreto,FN
42,correto,P-incorreto,FN
42,incorreto,P-incorreto,VP
42,correto,P-incorreto,FN
42,correto,P-incorreto,FN
42,correto,P-incorreto,FN
42,correto,P-incorreto,FN
42,correto,P-incorreto,FN
42,correto,P-incorreto,FN
42,correto,P-incorreto,FN
42,correto,P-incorreto,FN
42,correto,P-incorreto,FN
42,correto,P-incorreto,FN
42,correto,P-incorreto,FN
42,correto,P-incorreto,FN
42,correto,P-incorreto,FN
42,correto,P-incorreto,FN
42,correto,P-incorreto,FN
42,correto,P-incorreto,FN
42,correto,P-incorreto,FN
42,correto,P-incorreto,FN
41,incorreto,P-correto,FP
42,correto,P-incorreto,FN
42,correto,P-incorreto,FN
42,incorreto,P-incorreto,VP
42,correto,P-incorreto,FN
42,correto,P-incorreto,FN
42,correto,P-incorreto,FN
42,correto,P-incorreto,FN
42,correto,P-incorreto,FN
42,correto,P-incorreto,FN
42,correto,P-incorreto,FN
42,correto,P-incorreto,FN
42,correto,P-incorreto,FN
42,correto,P-incorreto,FN
42,correto,P-incorreto,FN
42,correto,P-incorreto,FN
42,correto,P-incorreto,FN
42,correto,P-incorreto,FN
41,incorreto,P-correto,FP
42,correto,P-incorreto,FN
42,correto,P-incorreto,FN
42,correto,P-incorreto,FN
42,correto,P-incorreto,FN
42,correto,P-incorreto,FN
42,correto,P-incorreto,FN
42,correto,P-incorreto,FN
42,correto,P-incorreto,FN
42,correto,P-incorreto,FN
42,correto,P-incorreto,FN
42,correto,P-incorreto,FN
42,correto,P-incorreto,FN
42,correto,P-incorreto,FN
42,correto,P-incorreto,FN
42,correto,P-incorreto,FN
35,incorreto,P-incorreto,VP
42,correto,P-incorreto,FN
42,correto,P-incorreto,FN
42,correto,P-incorreto,FN
42,correto,P-incorreto,FN
42,correto,P-incorreto,FN
46,incorreto,P-incorreto,VP
42,correto,P-incorreto,FN
42,correto,P-incorreto,FN
42,correto,P-incorreto,FN
42,correto,P-incorreto,FN
40,incorreto,P-incorreto,VP
42,correto,P-incorreto,FN
40,incorreto,P-incorreto,VP
42,correto,P-incorreto,FN
42,correto,P-incorreto,FN
42,correto,P-incorreto,FN
42,correto,P-incorreto,FN
42,correto,P-incorreto,FN
42,correto,P-incorreto,FN
42,correto,P-incorreto,FN
42,correto,P-incorreto,FN
42,correto,P-incorreto,FN
42,correto,P-incorreto,FN
42,correto,P-incorreto,FN
42,correto,P-incorreto,FN
42,correto,P-incorreto,FN
34,incorreto,P-incorreto,VP
42,correto,P-incorreto,FN
48,incorreto,P-incorreto,VP
42,correto,P-incorreto,FN
42,correto,P-incorreto,FN
42,correto,P-incorreto,FN
42,correto,P-incorreto,FN
33,incorreto,P-incorreto,VP
42,correto,P-incorreto,FN
42,correto,P-incorreto,FN
42,correto,P-incorreto,FN
42,correto,P-incorreto,FN
42,correto,P-incorreto,FN
42,correto,P-incorreto,FN
42,correto,P-incorreto,FN
42,correto,P-incorreto,FN
42,correto,P-incorreto,FN
44,incorreto,P-correto,FP
42,correto,P-incorreto,FN
42,correto,P-incorreto,FN
42,correto,P-incorreto,FN
38,incorreto,P-incorreto,VP
36,incorreto,P-incorreto,VP
42,correto,P-incorreto,FN
42,correto,P-incorreto,FN
42,correto,P-incorreto,FN
42,correto,P-incorreto,FN
42,correto,P-incorreto,FN
42,correto,P-incorreto,FN
42,correto,P-incorreto,FN
46,incorreto,P-incorreto,VP
37,incorreto,P-incorreto,VP
42,correto,P-incorreto,FN
42,correto,P-incorreto,FN
42,correto,P-incorreto,FN
42,correto,P-incorreto,FN
42,correto,P-incorreto,FN
42,correto,P-incorreto,FN
42,correto,P-incorreto,FN
42,correto,P-incorreto,FN
42,correto,P-incorreto,FN
42,correto,P-incorreto,FN
42,correto,P-incorreto,FN
42,correto,P-incorreto,FN
42,correto,P-incorreto,FN
42,correto,P-incorreto,FN
42,correto,P-incorreto,FN
42,correto,P-incorreto,FN
42,correto,P-incorreto,FN
42,correto,P-incorreto,FN
42,correto,P-incorreto,FN
42,correto,P-incorreto,FN
42,correto,P-incorreto,FN
42,correto,P-incorreto,FN
42,correto,P-incorreto,FN
42,correto,P-incorreto,FN
42,correto,P-incorreto,FN
42,correto,P-incorreto,FN
42,correto,P-incorreto,FN
42,correto,P-incorreto,FN
42,correto,P-incorreto,FN
42,correto,P-incorreto,FN
34,incorreto,P-incorreto,VP
39,incorreto,P-incorreto,VP
42,correto,P-incorreto,FN
42,correto,P-incorreto,FN
42,correto,P-incorreto,FN
42,correto,P-incorreto,FN
42,correto,P-incorreto,FN
42,correto,P-incorreto,FN
42,correto,P-incorreto,FN
42,correto,P-incorreto,FN
42,correto,P-incorreto,FN
42,correto,P-incorreto,FN
35,incorreto,P-incorreto,VP
42,correto,P-incorreto,FN
49,incorreto,P-incorreto,VP
42,correto,P-incorreto,FN
28,incorreto,P-incorreto,VP
42,correto,P-incorreto,FN
42,correto,P-incorreto,FN
42,correto,P-incorreto,FN
42,correto,P-incorreto,FN
42,correto,P-incorreto,FN
42,correto,P-incorreto,FN
42,correto,P-incorreto,FN
42,correto,P-incorreto,FN
42,correto,P-incorreto,FN
42,correto,P-incorreto,FN
42,correto,P-incorreto,FN
20,incorreto,P-incorreto,VP
42,correto,P-incorreto,FN
42,correto,P-incorreto,FN
42,correto,P-incorreto,FN
42,correto,P-incorreto,FN
42,incorreto,P-incorreto,VP
42,correto,P-incorreto,FN
42,correto,P-incorreto,FN
42,correto,P-incorreto,FN
42,correto,P-incorreto,FN
42,correto,P-incorreto,FN
42,correto,P-incorreto,FN
42,correto,P-incorreto,FN
42,correto,P-incorreto,FN
42,correto,P-incorreto,FN
42,correto,P-incorreto,FN
42,correto,P-incorreto,FN
42,correto,P-incorreto,FN
42,correto,P-incorreto,FN
42,correto,P-incorreto,FN
42,correto,P-incorreto,FN
42,correto,P-incorreto,FN
42,correto,P-incorreto,FN
42,correto,P-incorreto,FN
42,correto,P-incorreto,FN
42,correto,P-incorreto,FN
42,correto,P-incorreto,FN
44,incorreto,P-correto,FP
42,correto,P-incorreto,FN
42,correto,P-incorreto,FN
42,correto,P-incorreto,FN
42,correto,P-incorreto,FN
42,correto,P-incorreto,FN
42,correto,P-incorreto,FN
42,correto,P-incorreto,FN
42,correto,P-incorreto,FN
42,correto,P-incorreto,FN
42,correto,P-incorreto,FN
42,correto,P-incorreto,FN
42,correto,P-incorreto,FN
42,correto,P-incorreto,FN
43,incorreto,P-correto,FP
42,correto,P-incorreto,FN
42,correto,P-incorreto,FN
42,correto,P-incorreto,FN
42,correto,P-incorreto,FN
42,correto,P-incorreto,FN
42,correto,P-incorreto,FN
42,correto,P-incorreto,FN
20,incorreto,P-incorreto,VP
42,correto,P-incorreto,FN
42,correto,P-incorreto,FN
42,correto,P-incorreto,FN
42,correto,P-incorreto,FN
42,correto,P-incorreto,FN
42,correto,P-incorreto,FN
42,correto,P-incorreto,FN
52,incorreto,P-incorreto,VP
42,correto,P-incorreto,FN
42,correto,P-incorreto,FN
42,correto,P-incorreto,FN
42,correto,P-incorreto,FN
42,correto,P-incorreto,FN
42,correto,P-incorreto,FN
42,correto,P-incorreto,FN
44,incorreto,P-correto,FP
42,correto,P-incorreto,FN
42,correto,P-incorreto,FN
43,incorreto,P-correto,FP
42,correto,P-incorreto,FN
42,correto,P-incorreto,FN
42,correto,P-incorreto,FN
42,correto,P-incorreto,FN
42,correto,P-incorreto,FN
42,correto,P-incorreto,FN
42,correto,P-incorreto,FN
28,incorreto,P-incorreto,VP
42,correto,P-incorreto,FN
35,incorreto,P-incorreto,VP
42,correto,P-incorreto,FN
42,correto,P-incorreto,FN
42,correto,P-incorreto,FN
61,incorreto,P-incorreto,VP
42,correto,P-incorreto,FN
42,correto,P-incorreto,FN
42,correto,P-incorreto,FN
42,correto,P-incorreto,FN
47,incorreto,P-incorreto,VP
42,correto,P-incorreto,FN
51,incorreto,P-incorreto,VP
42,correto,P-incorreto,FN
42,correto,P-incorreto,FN
42,correto,P-incorreto,FN
42,correto,P-incorreto,FN
42,correto,P-incorreto,FN
42,correto,P-incorreto,FN
42,correto,P-incorreto,FN
42,correto,P-incorreto,FN
42,correto,P-incorreto,FN
42,correto,P-incorreto,FN
42,correto,P-incorreto,FN
42,correto,P-incorreto,FN
42,correto,P-incorreto,FN
42,correto,P-incorreto,FN
42,correto,P-incorreto,FN
42,correto,P-incorreto,FN
42,correto,P-incorreto,FN
42,correto,P-incorreto,FN
42,correto,P-incorreto,FN
42,correto,P-incorreto,FN
42,correto,P-incorreto,FN
42,correto,P-incorreto,FN
31,incorreto,P-incorreto,VP
42,correto,P-incorreto,FN
42,correto,P-incorreto,FN
37,incorreto,P-incorreto,VP
42,correto,P-incorreto,FN
42,correto,P-incorreto,FN
42,correto,P-incorreto,FN
42,correto,P-incorreto,FN
42,correto,P-incorreto,FN
42,correto,P-incorreto,FN
42,correto,P-incorreto,FN
42,correto,P-incorreto,FN
42,correto,P-incorreto,FN
42,correto,P-incorreto,FN
42,correto,P-incorreto,FN
42,correto,P-incorreto,FN
42,correto,P-incorreto,FN
42,correto,P-incorreto,FN
42,correto,P-incorreto,FN
42,correto,P-incorreto,FN
42,correto,P-incorreto,FN
42,correto,P-incorreto,FN
42,correto,P-incorreto,FN
42,correto,P-incorreto,FN
42,correto,P-incorreto,FN
42,correto,P-incorreto,FN
42,correto,P-incorreto,FN
41,incorreto,P-correto,FP
42,correto,P-incorreto,FN
42,correto,P-incorreto,FN
42,correto,P-incorreto,FN
42,correto,P-incorreto,FN
42,correto,P-incorreto,FN
42,correto,P-incorreto,FN
42,correto,P-incorreto,FN
42,correto,P-incorreto,FN
35,incorreto,P-incorreto,VP
42,correto,P-incorreto,FN
42,correto,P-incorreto,FN
42,correto,P-incorreto,FN
42,correto,P-incorreto,FN
42,correto,P-incorreto,FN
42,correto,P-incorreto,FN
42,correto,P-incorreto,FN
42,correto,P-incorreto,FN
42,correto,P-incorreto,FN
47,incorreto,P-incorreto,VP
42,correto,P-incorreto,FN
42,correto,P-incorreto,FN
42,correto,P-incorreto,FN
42,correto,P-incorreto,FN
42,correto,P-incorreto,FN
42,correto,P-incorreto,FN
42,correto,P-incorreto,FN
42,correto,P-incorreto,FN
42,correto,P-incorreto,FN
42,correto,P-incorreto,FN
42,correto,P-incorreto,FN
42,correto,P-incorreto,FN
47,incorreto,P-incorreto,VP
42,correto,P-incorreto,FN
42,correto,P-incorreto,FN
42,correto,P-incorreto,FN
42,correto,P-incorreto,FN
42,correto,P-incorreto,FN
42,correto,P-incorreto,FN
42,correto,P-incorreto,FN
42,correto,P-incorreto,FN
42,correto,P-incorreto,FN
42,correto,P-incorreto,FN
31,incorreto,P-incorreto,VP
42,correto,P-incorreto,FN
42,correto,P-incorreto,FN
42,correto,P-incorreto,FN
42,correto,P-incorreto,FN
42,correto,P-incorreto,FN
42,correto,P-incorreto,FN
42,correto,P-incorreto,FN
42,correto,P-incorreto,FN
42,correto,P-incorreto,FN
42,correto,P-incorreto,FN
42,correto,P-incorreto,FN
42,correto,P-incorreto,FN
42,correto,P-incorreto,FN
42,correto,P-incorreto,FN
42,correto,P-incorreto,FN
42,correto,P-incorreto,FN
42,correto,P-incorreto,FN
42,incorreto,P-incorreto,VP
42,correto,P-incorreto,FN
42,correto,P-incorreto,FN
42,correto,P-incorreto,FN
42,correto,P-incorreto,FN
42,correto,P-incorreto,FN
42,correto,P-incorreto,FN
42,correto,P-incorreto,FN
42,correto,P-incorreto,FN
42,correto,P-incorreto,FN
42,correto,P-incorreto,FN
42,correto,P-incorreto,FN
42,correto,P-incorreto,FN
42,correto,P-incorreto,FN
42,correto,P-incorreto,FN
42,correto,P-incorreto,FN
42,correto,P-incorreto,FN
42,correto,P-incorreto,FN
42,correto,P-incorreto,FN
42,correto,P-incorreto,FN
47,incorreto,P-incorreto,VP
42,correto,P-incorreto,FN
42,correto,P-incorreto,FN
42,correto,P-incorreto,FN
42,correto,P-incorreto,FN
42,correto,P-incorreto,FN
42,correto,P-incorreto,FN
42,correto,P-incorreto,FN
42,correto,P-incorreto,FN
54,incorreto,P-incorreto,VP
42,correto,P-incorreto,FN
42,correto,P-incorreto,FN
42,correto,P-incorreto,FN
48,incorreto,P-incorreto,VP
42,correto,P-incorreto,FN
42,correto,P-incorreto,FN
42,correto,P-incorreto,FN
55,incorreto,P-incorreto,VP
42,correto,P-incorreto,FN
42,correto,P-incorreto,FN
42,correto,P-incorreto,FN
42,correto,P-incorreto,FN
44,incorreto,P-correto,FP
42,correto,P-incorreto,FN
42,correto,P-incorreto,FN
42,correto,P-incorreto,FN
42,correto,P-incorreto,FN
42,correto,P-incorreto,FN
42,correto,P-incorreto,FN
42,correto,P-incorreto,FN
42,correto,P-incorreto,FN
42,correto,P-incorreto,FN
42,correto,P-incorreto,FN
42,correto,P-incorreto,FN
42,correto,P-incorreto,FN
42,correto,P-incorreto,FN
48,incorreto,P-incorreto,VP
42,correto,P-incorreto,FN
42,correto,P-incorreto,FN
42,correto,P-incorreto,FN
42,correto,P-incorreto,FN
44,incorreto,P-correto,FP
42,correto,P-incorreto,FN
42,correto,P-incorreto,FN
42,correto,P-incorreto,FN
42,correto,P-incorreto,FN
42,correto,P-incorreto,FN
42,correto,P-incorreto,FN
42,correto,P-incorreto,FN
42,correto,P-incorreto,FN
42,correto,P-incorreto,FN
42,correto,P-incorreto,FN
42,correto,P-incorreto,FN
42,correto,P-incorreto,FN
42,correto,P-incorreto,FN
42,correto,P-incorreto,FN
42,correto,P-incorreto,FN
42,correto,P-incorreto,FN
42,correto,P-incorreto,FN
42,correto,P-incorreto,FN
42,correto,P-incorreto,FN
50,incorreto,P-incorreto,VP
42,correto,P-incorreto,FN
42,correto,P-incorreto,FN
42,correto,P-incorreto,FN
42,correto,P-incorreto,FN
42,correto,P-incorreto,FN
42,correto,P-incorreto,FN
42,correto,P-incorreto,FN
42,correto,P-incorreto,FN
42,correto,P-incorreto,FN
42,correto,P-incorreto,FN
42,correto,P-incorreto,FN
42,correto,P-incorreto,FN
42,correto,P-incorreto,FN
31,incorreto,P-incorreto,VP
30,incorreto,P-incorreto,VP
43,incorreto,P-correto,FP
42,correto,P-incorreto,FN
42,correto,P-incorreto,FN
42,correto,P-incorreto,FN
42,correto,P-incorreto,FN
42,correto,P-incorreto,FN
42,correto,P-incorreto,FN
42,correto,P-incorreto,FN
42,correto,P-incorreto,FN
42,correto,P-incorreto,FN
42,correto,P-incorreto,FN
42,correto,P-incorreto,FN
41,incorreto,P-correto,FP
42,correto,P-incorreto,FN
42,correto,P-incorreto,FN
42,correto,P-incorreto,FN
42,correto,P-incorreto,FN
42,correto,P-incorreto,FN
42,correto,P-incorreto,FN
42,correto,P-incorreto,FN
42,correto,P-incorreto,FN
42,correto,P-incorreto,FN
42,correto,P-incorreto,FN
42,correto,P-incorreto,FN
42,correto,P-incorreto,FN
42,correto,P-incorreto,FN
42,correto,P-incorreto,FN
42,correto,P-incorreto,FN
37,incorreto,P-incorreto,VP
42,correto,P-incorreto,FN
42,correto,P-incorreto,FN
51,incorreto,P-incorreto,VP
42,correto,P-incorreto,FN
42,correto,P-incorreto,FN
42,correto,P-incorreto,FN
42,correto,P-incorreto,FN
42,correto,P-incorreto,FN
42,correto,P-incorreto,FN
42,correto,P-incorreto,FN
42,correto,P-incorreto,FN
42,correto,P-incorreto,FN
43,incorreto,P-correto,FP
42,correto,P-incorreto,FN
42,correto,P-incorreto,FN
42,correto,P-incorreto,FN
42,correto,P-incorreto,FN
42,correto,P-incorreto,FN
42,correto,P-incorreto,FN
42,correto,P-incorreto,FN
42,correto,P-incorreto,FN
42,correto,P-incorreto,FN
42,correto,P-incorreto,FN
46,incorreto,P-incorreto,VP
42,correto,P-incorreto,FN
42,correto,P-incorreto,FN
42,correto,P-incorreto,FN
37,incorreto,P-incorreto,VP
42,correto,P-incorreto,FN
42,correto,P-incorreto,FN
42,correto,P-incorreto,FN
45,incorreto,P-incorreto,VP
42,correto,P-incorreto,FN
42,correto,P-incorreto,FN
38,incorreto,P-incorreto,VP
42,correto,P-incorreto,FN
42,correto,P-incorreto,FN
42,correto,P-incorreto,FN
42,correto,P-incorreto,FN
42,correto,P-incorreto,FN
42,correto,P-incorreto,FN
42,correto,P-incorreto,FN
42,correto,P-incorreto,FN
42,correto,P-incorreto,FN
42,correto,P-incorreto,FN
42,correto,P-incorreto,FN
42,correto,P-incorreto,FN
42,correto,P-incorreto,FN
42,correto,P-incorreto,FN
42,correto,P-incorreto,FN
42,correto,P-incorreto,FN
42,correto,P-incorreto,FN
42,correto,P-incorreto,FN
42,correto,P-incorreto,FN
42,correto,P-incorreto,FN
42,correto,P-incorreto,FN
42,correto,P-incorreto,FN
42,correto,P-incorreto,FN
42,correto,P-incorreto,FN
42,correto,P-incorreto,FN
42,correto,P-incorreto,FN
42,correto,P-incorreto,FN
42,correto,P-incorreto,FN
42,correto,P-incorreto,FN
42,correto,P-incorreto,FN
42,correto,P-incorreto,FN
42,correto,P-incorreto,FN
42,correto,P-incorreto,FN
42,correto,P-incorreto,FN
42,correto,P-incorreto,FN
42,correto,P-incorreto,FN
42,correto,P-incorreto,FN
42,correto,P-incorreto,FN
42,correto,P-incorreto,FN
42,correto,P-incorreto,FN
42,correto,P-incorreto,FN
42,correto,P-incorreto,FN
42,correto,P-incorreto,FN
41,incorreto,P-correto,FP
42,correto,P-incorreto,FN
42,correto,P-incorreto,FN
42,correto,P-incorreto,FN
42,correto,P-incorreto,FN
42,correto,P-incorreto,FN
42,correto,P-incorreto,FN
42,correto,P-incorreto,FN
42,correto,P-incorreto,FN
42,correto,P-incorreto,FN
42,correto,P-incorreto,FN
42,correto,P-incorreto,FN
42,correto,P-incorreto,FN
42,correto,P-incorreto,FN
42,correto,P-incorreto,FN
42,correto,P-incorreto,FN
42,correto,P-incorreto,FN
42,correto,P-incorreto,FN
42,correto,P-incorreto,FN
42,correto,P-incorreto,FN
42,correto,P-incorreto,FN
42,correto,P-incorreto,FN
42,correto,P-incorreto,FN
42,correto,P-incorreto,FN
42,correto,P-incorreto,FN
42,correto,P-incorreto,FN
42,correto,P-incorreto,FN
35,incorreto,P-incorreto,VP
42,correto,P-incorreto,FN
42,correto,P-incorreto,FN
42,correto,P-incorreto,FN
42,correto,P-incorreto,FN
42,correto,P-incorreto,FN
31,incorreto,P-incorreto,VP
42,correto,P-incorreto,FN
42,correto,P-incorreto,FN
42,correto,P-incorreto,FN
42,correto,P-incorreto,FN
42,correto,P-incorreto,FN
42,correto,P-incorreto,FN
42,correto,P-incorreto,FN
42,correto,P-incorreto,FN
42,correto,P-incorreto,FN
42,correto,P-incorreto,FN
42,correto,P-incorreto,FN
42,correto,P-incorreto,FN
42,correto,P-incorreto,FN
42,correto,P-incorreto,FN
42,correto,P-incorreto,FN
42,correto,P-incorreto,FN
42,correto,P-incorreto,FN
42,correto,P-incorreto,FN
42,correto,P-incorreto,FN
42,correto,P-incorreto,FN
42,correto,P-incorreto,FN
42,correto,P-incorreto,FN
42,correto,P-incorreto,FN
42,correto,P-incorreto,FN
42,incorreto,P-incorreto,VP
42,correto,P-incorreto,FN
58,incorreto,P-incorreto,VP
42,correto,P-incorreto,FN
42,correto,P-incorreto,FN
45,incorreto,P-incorreto,VP
42,correto,P-incorreto,FN
71,incorreto,P-incorreto,VP
42,correto,P-incorreto,FN
42,correto,P-incorreto,FN
42,correto,P-incorreto,FN
42,correto,P-incorreto,FN
42,correto,P-incorreto,FN
50,incorreto,P-incorreto,VP
42,correto,P-incorreto,FN
36,incorreto,P-incorreto,VP
37,incorreto,P-incorreto,VP
42,correto,P-incorreto,FN
42,correto,P-incorreto,FN
42,correto,P-incorreto,FN
42,correto,P-incorreto,FN
42,correto,P-incorreto,FN
42,correto,P-incorreto,FN
42,correto,P-incorreto,FN
42,correto,P-incorreto,FN
42,correto,P-incorreto,FN
42,correto,P-incorreto,FN
42,correto,P-incorreto,FN
42,correto,P-incorreto,FN
42,correto,P-incorreto,FN
42,correto,P-incorreto,FN
42,correto,P-incorreto,FN
42,correto,P-incorreto,FN
42,correto,P-incorreto,FN
42,correto,P-incorreto,FN
42,correto,P-incorreto,FN
42,correto,P-incorreto,FN
46,incorreto,P-incorreto,VP
42,correto,P-incorreto,FN
42,correto,P-incorreto,FN
40,incorreto,P-incorreto,VP
42,correto,P-incorreto,FN
42,correto,P-incorreto,FN
42,correto,P-incorreto,FN
36,incorreto,P-incorreto,VP
36,incorreto,P-incorreto,VP
42,correto,P-incorreto,FN
42,correto,P-incorreto,FN
42,correto,P-incorreto,FN
44,incorreto,P-correto,FP
42,correto,P-incorreto,FN
43,incorreto,P-correto,FP
42,correto,P-incorreto,FN
42,correto,P-incorreto,FN
42,correto,P-incorreto,FN
42,correto,P-incorreto,FN
42,correto,P-incorreto,FN
42,correto,P-incorreto,FN
42,correto,P-incorreto,FN
42,correto,P-incorreto,FN
42,correto,P-incorreto,FN
42,correto,P-incorreto,FN
42,correto,P-incorreto,FN
42,correto,P-incorreto,FN
42,correto,P-incorreto,FN
42,correto,P-incorreto,FN
42,correto,P-incorreto,FN
42,correto,P-incorreto,FN
42,correto,P-incorreto,FN
42,correto,P-incorreto,FN
50,incorreto,P-incorreto,VP
42,correto,P-incorreto,FN
42,correto,P-incorreto,FN
42,correto,P-incorreto,FN
42,correto,P-incorreto,FN
42,correto,P-incorreto,FN
43,incorreto,P-correto,FP
42,correto,P-incorreto,FN
42,correto,P-incorreto,FN
42,correto,P-incorreto,FN
42,correto,P-incorreto,FN
42,correto,P-incorreto,FN
42,correto,P-incorreto,FN
42,correto,P-incorreto,FN
42,correto,P-incorreto,FN
42,correto,P-incorreto,FN
42,correto,P-incorreto,FN
42,correto,P-incorreto,FN
42,correto,P-incorreto,FN
42,correto,P-incorreto,FN
42,correto,P-incorreto,FN
42,correto,P-incorreto,FN
42,incorreto,P-incorreto,VP
32,incorreto,P-incorreto,VP
42,correto,P-incorreto,FN
42,correto,P-incorreto,FN
42,correto,P-incorreto,FN
42,correto,P-incorreto,FN
42,correto,P-incorreto,FN
42,correto,P-incorreto,FN
21,incorreto,P-incorreto,VP
40,incorreto,P-incorreto,VP
42,correto,P-incorreto,FN
42,correto,P-incorreto,FN
42,correto,P-incorreto,FN
42,correto,P-incorreto,FN
42,correto,P-incorreto,FN
42,correto,P-incorreto,FN
42,correto,P-incorreto,FN
42,correto,P-incorreto,FN
42,correto,P-incorreto,FN
42,correto,P-incorreto,FN
42,correto,P-incorreto,FN
42,correto,P-incorreto,FN
42,correto,P-incorreto,FN
42,correto,P-incorreto,FN
46,incorreto,P-incorreto,VP
42,correto,P-incorreto,FN
42,correto,P-incorreto,FN
42,correto,P-incorreto,FN
42,correto,P-incorreto,FN
42,correto,P-incorreto,FN
42,correto,P-incorreto,FN
42,correto,P-incorreto,FN
42,correto,P-incorreto,FN
42,correto,P-incorreto,FN
42,correto,P-incorreto,FN
42,correto,P-incorreto,FN
42,correto,P-incorreto,FN
42,correto,P-incorreto,FN
51,incorreto,P-incorreto,VP
42,correto,P-incorreto,FN
42,correto,P-incorreto,FN
42,correto,P-incorreto,FN
42,correto,P-incorreto,FN
42,correto,P-incorreto,FN
42,correto,P-incorreto,FN
42,correto,P-incorreto,FN
26,incorreto,P-incorreto,VP
42,correto,P-incorreto,FN
42,correto,P-incorreto,FN
42,correto,P-incorreto,FN
42,correto,P-incorreto,FN
42,correto,P-incorreto,FN
42,correto,P-incorreto,FN
42,correto,P-incorreto,FN
57,incorreto,P-incorreto,VP
42,correto,P-incorreto,FN
42,correto,P-incorreto,FN
42,correto,P-incorreto,FN
42,correto,P-incorreto,FN
42,correto,P-incorreto,FN
42,correto,P-incorreto,FN
33,incorreto,P-incorreto,VP
42,correto,P-incorreto,FN
42,correto,P-incorreto,FN
42,correto,P-incorreto,FN
42,correto,P-incorreto,FN
42,correto,P-incorreto,FN
42,correto,P-incorreto,FN
41,incorreto,P-correto,FP
42,correto,P-incorreto,FN
42,correto,P-incorreto,FN
42,correto,P-incorreto,FN
42,correto,P-incorreto,FN
42,correto,P-incorreto,FN
42,correto,P-incorreto,FN
42,correto,P-incorreto,FN
42,correto,P-incorreto,FN
42,correto,P-incorreto,FN
42,correto,P-incorreto,FN
42,correto,P-incorreto,FN
42,correto,P-incorreto,FN
42,correto,P-incorreto,FN
42,incorreto,P-incorreto,VP
42,correto,P-incorreto,FN
42,correto,P-incorreto,FN
42,correto,P-incorreto,FN
42,correto,P-incorreto,FN
42,correto,P-incorreto,FN
42,correto,P-incorreto,FN
42,correto,P-incorreto,FN
42,correto,P-incorreto,FN
42,correto,P-incorreto,FN
42,incorreto,P-incorreto,VP
42,correto,P-incorreto,FN
42,correto,P-incorreto,FN
42,correto,P-incorreto,FN
42,correto,P-incorreto,FN
42,correto,P-incorreto,FN
42,correto,P-incorreto,FN
42,correto,P-incorreto,FN
43,incorreto,P-correto,FP
42,correto,P-incorreto,FN
42,correto,P-incorreto,FN
42,correto,P-incorreto,FN
42,correto,P-incorreto,FN
42,correto,P-incorreto,FN
42,correto,P-incorreto,FN
42,correto,P-incorreto,FN
25,incorreto,P-incorreto,VP
42,correto,P-incorreto,FN
42,correto,P-incorreto,FN
42,correto,P-incorreto,FN
42,correto,P-incorreto,FN
35,incorreto,P-incorreto,VP
42,correto,P-incorreto,FN
42,correto,P-incorreto,FN
42,correto,P-incorreto,FN
42,correto,P-incorreto,FN
38,incorreto,P-incorreto,VP
42,correto,P-incorreto,FN
31,incorreto,P-incorreto,VP
42,correto,P-incorreto,FN
38,incorreto,P-incorreto,VP
42,correto,P-incorreto,FN
47,incorreto,P-incorreto,VP
42,correto,P-incorreto,FN
46,incorreto,P-incorreto,VP
42,correto,P-incorreto,FN
42,correto,P-incorreto,FN
42,correto,P-incorreto,FN
42,correto,P-incorreto,FN
42,correto,P-incorreto,FN
42,correto,P-incorreto,FN
42,correto,P-incorreto,FN
42,correto,P-incorreto,FN
42,correto,P-incorreto,FN
42,correto,P-incorreto,FN
42,correto,P-incorreto,FN
42,correto,P-incorreto,FN
42,correto,P-incorreto,FN
42,correto,P-incorreto,FN
50,incorreto,P-incorreto,VP
42,correto,P-incorreto,FN
42,correto,P-incorreto,FN
42,correto,P-incorreto,FN
42,correto,P-incorreto,FN
42,correto,P-incorreto,FN
42,correto,P-incorreto,FN
42,correto,P-incorreto,FN
42,correto,P-incorreto,FN
42,correto,P-incorreto,FN
40,incorreto,P-incorreto,VP
42,correto,P-incorreto,FN
42,correto,P-incorreto,FN
42,correto,P-incorreto,FN
42,correto,P-incorreto,FN
42,correto,P-incorreto,FN
42,correto,P-incorreto,FN
42,correto,P-incorreto,FN
42,correto,P-incorreto,FN
42,correto,P-incorreto,FN
29,incorreto,P-incorreto,VP
42,correto,P-incorreto,FN
42,correto,P-incorreto,FN
42,correto,P-incorreto,FN
42,correto,P-incorreto,FN
42,correto,P-incorreto,FN
51,incorreto,P-incorreto,VP
42,correto,P-incorreto,FN
42,correto,P-incorreto,FN
42,correto,P-incorreto,FN
42,correto,P-incorreto,FN
42,correto,P-incorreto,FN
42,correto,P-incorreto,FN
42,correto,P-incorreto,FN
42,correto,P-incorreto,FN
42,correto,P-incorreto,FN
51,incorreto,P-incorreto,VP
42,incorreto,P-incorreto,VP
42,correto,P-incorreto,FN
42,correto,P-incorreto,FN
42,correto,P-incorreto,FN
42,correto,P-incorreto,FN
42,correto,P-incorreto,FN
42,correto,P-incorreto,FN
42,correto,P-incorreto,FN
34,incorreto,P-incorreto,VP
42,correto,P-incorreto,FN
42,correto,P-incorreto,FN
42,correto,P-incorreto,FN
42,correto,P-incorreto,FN
42,correto,P-incorreto,FN
42,correto,P-incorreto,FN
42,correto,P-incorreto,FN
42,correto,P-incorreto,FN
50,incorreto,P-incorreto,VP
42,correto,P-incorreto,FN
42,correto,P-incorreto,FN
42,correto,P-incorreto,FN
48,incorreto,P-incorreto,VP
42,correto,P-incorreto,FN
42,correto,P-incorreto,FN
42,correto,P-incorreto,FN
42,correto,P-incorreto,FN
42,correto,P-incorreto,FN
42,correto,P-incorreto,FN
33,incorreto,P-incorreto,VP
22,incorreto,P-incorreto,VP
42,correto,P-incorreto,FN
42,correto,P-incorreto,FN
42,correto,P-incorreto,FN
42,correto,P-incorreto,FN
42,correto,P-incorreto,FN
42,correto,P-incorreto,FN
53,incorreto,P-incorreto,VP
42,correto,P-incorreto,FN
42,correto,P-incorreto,FN
42,correto,P-incorreto,FN
29,incorreto,P-incorreto,VP
42,correto,P-incorreto,FN
42,correto,P-incorreto,FN
42,correto,P-incorreto,FN
57,incorreto,P-incorreto,VP
42,correto,P-incorreto,FN
42,correto,P-incorreto,FN
42,correto,P-incorreto,FN
42,correto,P-incorreto,FN
42,correto,P-incorreto,FN
33,incorreto,P-incorreto,VP
42,correto,P-incorreto,FN
42,correto,P-incorreto,FN
42,correto,P-incorreto,FN
42,correto,P-incorreto,FN
42,correto,P-incorreto,FN
42,correto,P-incorreto,FN
42,correto,P-incorreto,FN
42,correto,P-incorreto,FN
42,correto,P-incorreto,FN
42,correto,P-incorreto,FN
42,correto,P-incorreto,FN
68,incorreto,P-incorreto,VP
42,correto,P-incorreto,FN
42,correto,P-incorreto,FN
42,correto,P-incorreto,FN
42,correto,P-incorreto,FN
42,correto,P-incorreto,FN
42,correto,P-incorreto,FN
42,correto,P-incorreto,FN
42,correto,P-incorreto,FN
42,correto,P-incorreto,FN
44,incorreto,P-correto,FP
42,correto,P-incorreto,FN
42,correto,P-incorreto,FN
48,incorreto,P-incorreto,VP
42,correto,P-incorreto,FN
42,correto,P-incorreto,FN
42,correto,P-incorreto,FN
42,correto,P-incorreto,FN
42,correto,P-incorreto,FN
42,correto,P-incorreto,FN
23,incorreto,P-incorreto,VP
42,correto,P-incorreto,FN
42,correto,P-incorreto,FN
42,correto,P-incorreto,FN
42,correto,P-incorreto,FN
42,correto,P-incorreto,FN
42,correto,P-incorreto,FN
42,correto,P-incorreto,FN
42,correto,P-incorreto,FN
42,correto,P-incorreto,FN
26,incorreto,P-incorreto,VP
29,incorreto,P-incorreto,VP
42,correto,P-incorreto,FN
42,correto,P-incorreto,FN
42,correto,P-incorreto,FN
42,correto,P-incorreto,FN
43,incorreto,P-correto,FP
42,correto,P-incorreto,FN
42,correto,P-incorreto,FN
36,incorreto,P-incorreto,VP
42,correto,P-incorreto,FN
52,incorreto,P-incorreto,VP
42,correto,P-incorreto,FN
42,correto,P-incorreto,FN
42,correto,P-incorreto,FN
42,correto,P-incorreto,FN
42,correto,P-incorreto,FN
42,correto,P-incorreto,FN
42,correto,P-incorreto,FN
42,correto,P-incorreto,FN
42,correto,P-incorreto,FN
42,correto,P-incorreto,FN
56,incorreto,P-incorreto,VP
42,correto,P-incorreto,FN
42,correto,P-incorreto,FN
42,correto,P-incorreto,FN
42,correto,P-incorreto,FN
42,correto,P-incorreto,FN
42,correto,P-incorreto,FN
42,correto,P-incorreto,FN
42,correto,P-incorreto,FN
42,correto,P-incorreto,FN
42,correto,P-incorreto,FN
42,correto,P-incorreto,FN
42,correto,P-incorreto,FN
42,correto,P-incorreto,FN
42,correto,P-incorreto,FN
42,correto,P-incorreto,FN
42,correto,P-incorreto,FN
42,correto,P-incorreto,FN
42,correto,P-incorreto,FN
55,incorreto,P-incorreto,VP
42,correto,P-incorreto,FN
42,correto,P-incorreto,FN
52,incorreto,P-incorreto,VP
42,correto,P-incorreto,FN
42,correto,P-incorreto,FN
42,correto,P-incorreto,FN
42,correto,P-incorreto,FN
42,correto,P-incorreto,FN
42,correto,P-incorreto,FN
42,correto,P-incorreto,FN
42,correto,P-incorreto,FN
42,correto,P-incorreto,FN
42,correto,P-incorreto,FN
42,correto,P-incorreto,FN
42,correto,P-incorreto,FN
42,correto,P-incorreto,FN
42,correto,P-incorreto,FN
42,correto,P-incorreto,FN
42,correto,P-incorreto,FN
42,correto,P-incorreto,FN
42,correto,P-incorreto,FN
42,correto,P-incorreto,FN
42,correto,P-incorreto,FN
42,correto,P-incorreto,FN
45,incorreto,P-incorreto,VP
42,correto,P-incorreto,FN
42,correto,P-incorreto,FN
42,correto,P-incorreto,FN
42,correto,P-incorreto,FN
42,correto,P-incorreto,FN
42,correto,P-incorreto,FN
42,correto,P-incorreto,FN
50,incorreto,P-incorreto,VP
42,correto,P-incorreto,FN
42,correto,P-incorreto,FN
42,correto,P-incorreto,FN
42,correto,P-incorreto,FN
42,correto,P-incorreto,FN
42,correto,P-incorreto,FN
42,correto,P-incorreto,FN
42,correto,P-incorreto,FN
42,correto,P-incorreto,FN
42,correto,P-incorreto,FN
42,correto,P-incorreto,FN
42,correto,P-incorreto,FN
42,correto,P-incorreto,FN
42,correto,P-incorreto,FN
42,correto,P-incorreto,FN
42,correto,P-incorreto,FN
42,correto,P-incorreto,FN
42,correto,P-incorreto,FN
39,incorreto,P-incorreto,VP
42,correto,P-incorreto,FN
42,correto,P-incorreto,FN
42,correto,P-incorreto,FN
42,correto,P-incorreto,FN
42,correto,P-incorreto,FN
42,correto,P-incorreto,FN
42,correto,P-incorreto,FN
42,correto,P-incorreto,FN
42,correto,P-incorreto,FN
42,correto,P-incorreto,FN
42,correto,P-incorreto,FN
42,correto,P-incorreto,FN
42,correto,P-incorreto,FN
42,correto,P-incorreto,FN
42,correto,P-incorreto,FN
42,correto,P-incorreto,FN
42,correto,P-incorreto,FN
42,correto,P-incorreto,FN
42,correto,P-incorreto,FN
42,correto,P-incorreto,FN
42,correto,P-incorreto,FN
42,correto,P-incorreto,FN
42,correto,P-incorreto,FN
42,correto,P-incorreto,FN
33,incorreto,P-incorreto,VP
42,correto,P-incorreto,FN
42,correto,P-incorreto,FN
44,incorreto,P-correto,FP
42,correto,P-incorreto,FN
42,correto,P-incorreto,FN
42,correto,P-incorreto,FN
42,correto,P-incorreto,FN
42,correto,P-incorreto,FN
42,correto,P-incorreto,FN
42,correto,P-incorreto,FN
42,correto,P-incorreto,FN
42,correto,P-incorreto,FN
42,correto,P-incorreto,FN
42,correto,P-incorreto,FN
42,correto,P-incorreto,FN
42,correto,P-incorreto,FN
42,correto,P-incorreto,FN
42,correto,P-incorreto,FN
42,correto,P-incorreto,FN
42,correto,P-incorreto,FN
42,correto,P-incorreto,FN
42,correto,P-incorreto,FN
42,correto,P-incorreto,FN
42,correto,P-incorreto,FN
42,correto,P-incorreto,FN
42,correto,P-incorreto,FN
42,correto,P-incorreto,FN
42,correto,P-incorreto,FN
42,correto,P-incorreto,FN
42,correto,P-incorreto,FN
42,correto,P-incorreto,FN
42,correto,P-incorreto,FN
42,correto,P-incorreto,FN
42,correto,P-incorreto,FN
42,correto,P-incorreto,FN
42,correto,P-incorreto,FN
42,correto,P-incorreto,FN
42,correto,P-incorreto,FN
42,correto,P-incorreto,FN
42,correto,P-incorreto,FN
42,correto,P-incorreto,FN
42,correto,P-incorreto,FN
42,correto,P-incorreto,FN
42,correto,P-incorreto,FN
42,correto,P-incorreto,FN
42,correto,P-incorreto,FN
42,correto,P-incorreto,FN
42,correto,P-incorreto,FN
42,correto,P-incorreto,FN
42,correto,P-incorreto,FN
42,correto,P-incorreto,FN
42,correto,P-incorreto,FN
42,correto,P-incorreto,FN
42,correto,P-incorreto,FN
42,correto,P-incorreto,FN
42,correto,P-incorreto,FN
42,correto,P-incorreto,FN
42,correto,P-incorreto,FN
42,correto,P-incorreto,FN
42,correto,P-incorreto,FN
42,correto,P-incorreto,FN
42,correto,P-incorreto,FN
42,correto,P-incorreto,FN
42,correto,P-incorreto,FN
42,correto,P-incorreto,FN
42,correto,P-incorreto,FN
42,correto,P-incorreto,FN
42,correto,P-incorreto,FN
42,correto,P-incorreto,FN
42,correto,P-incorreto,FN
42,correto,P-incorreto,FN
42,correto,P-incorreto,FN
42,correto,P-incorreto,FN
42,correto,P-incorreto,FN
42,correto,P-incorreto,FN
42,correto,P-incorreto,FN
37,incorreto,P-incorreto,VP
42,correto,P-incorreto,FN
42,correto,P-incorreto,FN
42,correto,P-incorreto,FN
42,correto,P-incorreto,FN
42,correto,P-incorreto,FN
42,correto,P-incorreto,FN
42,correto,P-incorreto,FN
42,correto,P-incorreto,FN
42,correto,P-incorreto,FN
42,correto,P-incorreto,FN
42,correto,P-incorreto,FN
42,correto,P-incorreto,FN
42,correto,P-incorreto,FN
42,correto,P-incorreto,FN
42,correto,P-incorreto,FN
42,correto,P-incorreto,FN
42,correto,P-incorreto,FN
42,correto,P-incorreto,FN
42,correto,P-incorreto,FN
42,correto,P-incorreto,FN
42,correto,P-incorreto,FN
42,correto,P-incorreto,FN
42,correto,P-incorreto,FN
35,incorreto,P-incorreto,VP
42,correto,P-incorreto,FN
42,correto,P-incorreto,FN
42,correto,P-incorreto,FN
42,correto,P-incorreto,FN
42,correto,P-incorreto,FN
42,correto,P-incorreto,FN
42,correto,P-incorreto,FN
42,correto,P-incorreto,FN
42,correto,P-incorreto,FN
42,correto,P-incorreto,FN
42,correto,P-incorreto,FN
42,correto,P-incorreto,FN
42,correto,P-incorreto,FN
48,incorreto,P-incorreto,VP
42,correto,P-incorreto,FN
42,correto,P-incorreto,FN
42,correto,P-incorreto,FN
42,correto,P-incorreto,FN
42,correto,P-incorreto,FN
42,correto,P-incorreto,FN
42,correto,P-incorreto,FN
42,correto,P-incorreto,FN
42,correto,P-incorreto,FN
39,incorreto,P-incorreto,VP
42,correto,P-incorreto,FN
42,correto,P-incorreto,FN
25,incorreto,P-incorreto,VP
42,correto,P-incorreto,FN
42,correto,P-incorreto,FN
42,correto,P-incorreto,FN
54,incorreto,P-incorreto,VP
42,correto,P-incorreto,FN
42,correto,P-incorreto,FN
42,correto,P-incorreto,FN
42,correto,P-incorreto,FN
42,correto,P-incorreto,FN
42,correto,P-incorreto,FN
42,correto,P-incorreto,FN
42,correto,P-incorreto,FN
42,correto,P-incorreto,FN
65,incorreto,P-incorreto,VP
42,correto,P-incorreto,FN
42,correto,P-incorreto,FN
42,correto,P-incorreto,FN
42,correto,P-incorreto,FN
42,correto,P-incorreto,FN
42,correto,P-incorreto,FN
42,correto,P-incorreto,FN
42,correto,P-incorreto,FN
44,incorreto,P-correto,FP
42,correto,P-incorreto,FN
42,correto,P-incorreto,FN
42,correto,P-incorreto,FN
42,correto,P-incorreto,FN
42,correto,P-incorreto,FN
42,correto,P-incorreto,FN
42,correto,P-incorreto,FN
42,correto,P-incorreto,FN
42,correto,P-incorreto,FN
51,incorreto,P-incorreto,VP
42,correto,P-incorreto,FN
42,correto,P-incorreto,FN
42,correto,P-incorreto,FN
42,correto,P-incorreto,FN
42,correto,P-incorreto,FN
35,incorreto,P-incorreto,VP
42,correto,P-incorreto,FN
40,incorreto,P-incorreto,VP
42,correto,P-incorreto,FN
42,correto,P-incorreto,FN
42,correto,P-incorreto,FN
42,correto,P-incorreto,FN
42,correto,P-incorreto,FN
42,correto,P-incorreto,FN
42,correto,P-incorreto,FN
42,correto,P-incorreto,FN
42,correto,P-incorreto,FN
42,correto,P-incorreto,FN
42,correto,P-incorreto,FN
42,correto,P-incorreto,FN
42,correto,P-incorreto,FN
42,correto,P-incorreto,FN
42,correto,P-incorreto,FN
42,correto,P-incorreto,FN
42,correto,P-incorreto,FN
42,correto,P-incorreto,FN
42,correto,P-incorreto,FN
42,correto,P-incorreto,FN
42,correto,P-incorreto,FN
42,correto,P-incorreto,FN
42,correto,P-incorreto,FN
42,correto,P-incorreto,FN
42,correto,P-incorreto,FN
42,correto,P-incorreto,FN
42,correto,P-incorreto,FN
42,correto,P-incorreto,FN
41,incorreto,P-correto,FP
42,correto,P-incorreto,FN
42,correto,P-incorreto,FN
42,correto,P-incorreto,FN
42,correto,P-incorreto,FN
42,correto,P-incorreto,FN
42,correto,P-incorreto,FN
42,correto,P-incorreto,FN
42,correto,P-incorreto,FN
42,correto,P-incorreto,FN
42,correto,P-incorreto,FN
42,correto,P-incorreto,FN
42,correto,P-incorreto,FN
42,correto,P-incorreto,FN
42,correto,P-incorreto,FN
42,correto,P-incorreto,FN
42,correto,P-incorreto,FN
42,correto,P-incorreto,FN
42,correto,P-incorreto,FN
42,correto,P-incorreto,FN
42,correto,P-incorreto,FN
42,correto,P-incorreto,FN
42,correto,P-incorreto,FN
28,incorreto,P-incorreto,VP
42,correto,P-incorreto,FN
42,correto,P-incorreto,FN
42,correto,P-incorreto,FN
42,correto,P-incorreto,FN
42,correto,P-incorreto,FN
42,correto,P-incorreto,FN
42,incorreto,P-incorreto,VP
42,correto,P-incorreto,FN
42,correto,P-incorreto,FN
42,correto,P-incorreto,FN
42,correto,P-incorreto,FN
42,correto,P-incorreto,FN
42,correto,P-incorreto,FN
42,correto,P-incorreto,FN
34,incorreto,P-incorreto,VP
42,correto,P-incorreto,FN
52,incorreto,P-incorreto,VP
42,correto,P-incorreto,FN
42,correto,P-incorreto,FN
42,correto,P-incorreto,FN
42,correto,P-incorreto,FN
38,incorreto,P-incorreto,VP
42,correto,P-incorreto,FN
42,correto,P-incorreto,FN
42,correto,P-incorreto,FN
42,correto,P-incorreto,FN
42,correto,P-incorreto,FN
42,correto,P-incorreto,FN
42,correto,P-incorreto,FN
42,correto,P-incorreto,FN
42,correto,P-incorreto,FN
42,correto,P-incorreto,FN
42,correto,P-incorreto,FN
42,correto,P-incorreto,FN
42,correto,P-incorreto,FN
42,correto,P-incorreto,FN
42,correto,P-incorreto,FN
42,correto,P-incorreto,FN
42,correto,P-incorreto,FN
42,correto,P-incorreto,FN
42,correto,P-incorreto,FN
42,correto,P-incorreto,FN
42,correto,P-incorreto,FN
42,correto,P-incorreto,FN
42,correto,P-incorreto,FN
42,correto,P-incorreto,FN
42,correto,P-incorreto,FN
42,correto,P-incorreto,FN
42,correto,P-incorreto,FN
42,correto,P-incorreto,FN
28,incorreto,P-incorreto,VP
42,correto,P-incorreto,FN
42,correto,P-incorreto,FN
42,correto,P-incorreto,FN
42,correto,P-incorreto,FN
42,correto,P-incorreto,FN
42,correto,P-incorreto,FN
42,correto,P-incorreto,FN
42,correto,P-incorreto,FN
42,correto,P-incorreto,FN
42,correto,P-incorreto,FN
42,correto,P-incorreto,FN
42,correto,P-incorreto,FN
42,correto,P-incorreto,FN
42,correto,P-incorreto,FN
42,correto,P-incorreto,FN
42,correto,P-incorreto,FN
42,correto,P-incorreto,FN
42,correto,P-incorreto,FN
42,correto,P-incorreto,FN
42,correto,P-incorreto,FN
42,correto,P-incorreto,FN
42,correto,P-incorreto,FN
42,correto,P-incorreto,FN
42,correto,P-incorreto,FN
42,correto,P-incorreto,FN
42,correto,P-incorreto,FN
42,correto,P-incorreto,FN
42,correto,P-incorreto,FN
42,correto,P-incorreto,FN
42,correto,P-incorreto,FN
42,correto,P-incorreto,FN
42,correto,P-incorreto,FN
42,correto,P-incorreto,FN
42,correto,P-incorreto,FN
42,correto,P-incorreto,FN
42,correto,P-incorreto,FN
42,correto,P-incorreto,FN
42,correto,P-incorreto,FN
49,incorreto,P-incorreto,VP
42,correto,P-incorreto,FN
42,correto,P-incorreto,FN
42,correto,P-incorreto,FN
42,correto,P-incorreto,FN
42,correto,P-incorreto,FN
42,correto,P-incorreto,FN
42,correto,P-incorreto,FN
42,correto,P-incorreto,FN
44,incorreto,P-correto,FP
55,incorreto,P-incorreto,VP
42,correto,P-incorreto,FN
46,incorreto,P-incorreto,VP
42,correto,P-incorreto,FN
42,correto,P-incorreto,FN
42,correto,P-incorreto,FN
42,correto,P-incorreto,FN
42,correto,P-incorreto,FN
42,correto,P-incorreto,FN
42,correto,P-incorreto,FN
42,correto,P-incorreto,FN
42,correto,P-incorreto,FN
42,correto,P-incorreto,FN
42,correto,P-incorreto,FN
42,correto,P-incorreto,FN
42,correto,P-incorreto,FN
42,correto,P-incorreto,FN
42,correto,P-incorreto,FN
42,correto,P-incorreto,FN
42,correto,P-incorreto,FN
42,correto,P-incorreto,FN
42,correto,P-incorreto,FN
42,correto,P-incorreto,FN
42,correto,P-incorreto,FN
42,correto,P-incorreto,FN
42,correto,P-incorreto,FN
42,correto,P-incorreto,FN
42,correto,P-incorreto,FN
42,correto,P-incorreto,FN
42,correto,P-incorreto,FN
42,correto,P-incorreto,FN
42,correto,P-incorreto,FN
42,correto,P-incorreto,FN
42,correto,P-incorreto,FN
32,incorreto,P-incorreto,VP
42,correto,P-incorreto,FN
42,correto,P-incorreto,FN
42,correto,P-incorreto,FN
40,incorreto,P-incorreto,VP
42,correto,P-incorreto,FN
42,correto,P-incorreto,FN
42,correto,P-incorreto,FN
42,correto,P-incorreto,FN
42,correto,P-incorreto,FN
42,correto,P-incorreto,FN
42,correto,P-incorreto,FN
42,correto,P-incorreto,FN
42,correto,P-incorreto,FN
42,correto,P-incorreto,FN
52,incorreto,P-incorreto,VP
42,correto,P-incorreto,FN
42,correto,P-incorreto,FN
42,correto,P-incorreto,FN
42,correto,P-incorreto,FN
47,incorreto,P-incorreto,VP
42,correto,P-incorreto,FN
42,correto,P-incorreto,FN
37,incorreto,P-incorreto,VP
42,correto,P-incorreto,FN
42,correto,P-incorreto,FN
42,correto,P-incorreto,FN
42,correto,P-incorreto,FN
42,correto,P-incorreto,FN
42,correto,P-incorreto,FN
29,incorreto,P-incorreto,VP
46,incorreto,P-incorreto,VP
42,correto,P-incorreto,FN
42,correto,P-incorreto,FN
42,correto,P-incorreto,FN
42,correto,P-incorreto,FN
42,correto,P-incorreto,FN
42,correto,P-incorreto,FN
42,correto,P-incorreto,FN
42,correto,P-incorreto,FN
42,correto,P-incorreto,FN
42,correto,P-incorreto,FN
42,correto,P-incorreto,FN
42,correto,P-incorreto,FN
42,correto,P-incorreto,FN
42,correto,P-incorreto,FN
42,correto,P-incorreto,FN
42,correto,P-incorreto,FN
42,correto,P-incorreto,FN
42,correto,P-incorreto,FN
42,correto,P-incorreto,FN
42,correto,P-incorreto,FN
42,correto,P-incorreto,FN
42,correto,P-incorreto,FN
42,correto,P-incorreto,FN
42,correto,P-incorreto,FN
42,correto,P-incorreto,FN
42,correto,P-incorreto,FN
42,correto,P-incorreto,FN
42,correto,P-incorreto,FN
42,correto,P-incorreto,FN
42,correto,P-incorreto,FN
42,correto,P-incorreto,FN
31,incorreto,P-incorreto,VP
42,correto,P-incorreto,FN
42,correto,P-incorreto,FN
42,correto,P-incorreto,FN
42,correto,P-incorreto,FN
42,correto,P-incorreto,FN
42,correto,P-incorreto,FN
42,correto,P-incorreto,FN
42,correto,P-incorreto,FN
42,correto,P-incorreto,FN
42,incorreto,P-incorreto,VP
42,correto,P-incorreto,FN
40,incorreto,P-incorreto,VP
42,correto,P-incorreto,FN
42,correto,P-incorreto,FN
48,incorreto,P-incorreto,VP
42,correto,P-incorreto,FN
42,correto,P-incorreto,FN
42,correto,P-incorreto,FN
42,correto,P-incorreto,FN
42,correto,P-incorreto,FN
42,correto,P-incorreto,FN
42,correto,P-incorreto,FN
42,correto,P-incorreto,FN
42,correto,P-incorreto,FN
42,correto,P-incorreto,FN
40,incorreto,P-incorreto,VP
34,incorreto,P-incorreto,VP
42,correto,P-incorreto,FN
42,correto,P-incorreto,FN
42,correto,P-incorreto,FN
42,correto,P-incorreto,FN
33,incorreto,P-incorreto,VP
41,incorreto,P-correto,FP
42,correto,P-incorreto,FN
42,correto,P-incorreto,FN
42,correto,P-incorreto,FN
42,correto,P-incorreto,FN
42,correto,P-incorreto,FN
42,correto,P-incorreto,FN
42,correto,P-incorreto,FN
42,correto,P-incorreto,FN
24,incorreto,P-incorreto,VP
42,correto,P-incorreto,FN
42,correto,P-incorreto,FN
42,correto,P-incorreto,FN
42,correto,P-incorreto,FN
42,correto,P-incorreto,FN
42,correto,P-incorreto,FN
42,correto,P-incorreto,FN
42,correto,P-incorreto,FN
42,correto,P-incorreto,FN
42,correto,P-incorreto,FN
42,correto,P-incorreto,FN
42,correto,P-incorreto,FN
42,correto,P-incorreto,FN
42,correto,P-incorreto,FN
42,correto,P-incorreto,FN
42,correto,P-incorreto,FN
42,correto,P-incorreto,FN
42,correto,P-incorreto,FN
42,correto,P-incorreto,FN
42,correto,P-incorreto,FN
42,correto,P-incorreto,FN
42,correto,P-incorreto,FN
42,correto,P-incorreto,FN
42,correto,P-incorreto,FN
50,incorreto,P-incorreto,VP
42,correto,P-incorreto,FN
42,correto,P-incorreto,FN
42,correto,P-incorreto,FN
42,correto,P-incorreto,FN
42,correto,P-incorreto,FN
42,correto,P-incorreto,FN
42,correto,P-incorreto,FN
42,correto,P-incorreto,FN
42,correto,P-incorreto,FN
42,correto,P-incorreto,FN
42,correto,P-incorreto,FN
42,correto,P-incorreto,FN
42,correto,P-incorreto,FN
42,correto,P-incorreto,FN
62,incorreto,P-incorreto,VP
42,correto,P-incorreto,FN
65,incorreto,P-incorreto,VP
42,correto,P-incorreto,FN
55,incorreto,P-incorreto,VP
42,correto,P-incorreto,FN
42,correto,P-incorreto,FN
42,correto,P-incorreto,FN
42,correto,P-incorreto,FN
42,correto,P-incorreto,FN
42,correto,P-incorreto,FN
42,correto,P-incorreto,FN
42,correto,P-incorreto,FN
42,correto,P-incorreto,FN
42,correto,P-incorreto,FN
42,correto,P-incorreto,FN
42,correto,P-incorreto,FN
42,correto,P-incorreto,FN
40,incorreto,P-incorreto,VP
42,correto,P-incorreto,FN
42,correto,P-incorreto,FN
42,correto,P-incorreto,FN
42,correto,P-incorreto,FN
42,correto,P-incorreto,FN
57,incorreto,P-incorreto,VP
42,correto,P-incorreto,FN
42,correto,P-incorreto,FN
43,incorreto,P-correto,FP
42,correto,P-incorreto,FN
42,correto,P-incorreto,FN
42,correto,P-incorreto,FN
42,correto,P-incorreto,FN
42,correto,P-incorreto,FN
42,correto,P-incorreto,FN
42,correto,P-incorreto,FN
42,correto,P-incorreto,FN
42,correto,P-incorreto,FN
42,correto,P-incorreto,FN
42,correto,P-incorreto,FN
42,correto,P-incorreto,FN
42,correto,P-incorreto,FN
41,incorreto,P-correto,FP
42,correto,P-incorreto,FN
42,correto,P-incorreto,FN
42,correto,P-incorreto,FN
42,correto,P-incorreto,FN
42,correto,P-incorreto,FN
42,correto,P-incorreto,FN
42,correto,P-incorreto,FN
42,correto,P-incorreto,FN
42,correto,P-incorreto,FN
34,incorreto,P-incorreto,VP
42,correto,P-incorreto,FN
42,correto,P-incorreto,FN
42,correto,P-incorreto,FN
42,correto,P-incorreto,FN
42,correto,P-incorreto,FN
42,correto,P-incorreto,FN
42,correto,P-incorreto,FN
42,correto,P-incorreto,FN
42,correto,P-incorreto,FN
42,correto,P-incorreto,FN
42,correto,P-incorreto,FN
64,incorreto,P-incorreto,VP
37,incorreto,P-incorreto,VP
42,correto,P-incorreto,FN
42,correto,P-incorreto,FN
42,correto,P-incorreto,FN
42,correto,P-incorreto,FN
42,correto,P-incorreto,FN
42,correto,P-incorreto,FN
42,correto,P-incorreto,FN
42,correto,P-incorreto,FN
42,correto,P-incorreto,FN
42,correto,P-incorreto,FN
42,correto,P-incorreto,FN
42,correto,P-incorreto,FN
42,correto,P-incorreto,FN
42,correto,P-incorreto,FN
42,correto,P-incorreto,FN
42,correto,P-incorreto,FN
37,incorreto,P-incorreto,VP
42,correto,P-incorreto,FN
42,correto,P-incorreto,FN
57,incorreto,P-incorreto,VP
42,correto,P-incorreto,FN
42,correto,P-incorreto,FN
42,correto,P-incorreto,FN
42,correto,P-incorreto,FN
42,correto,P-incorreto,FN
42,correto,P-incorreto,FN
42,correto,P-incorreto,FN
42,correto,P-incorreto,FN
42,correto,P-incorreto,FN
42,correto,P-incorreto,FN
42,correto,P-incorreto,FN
42,correto,P-incorreto,FN
43,incorreto,P-correto,FP
42,correto,P-incorreto,FN
42,correto,P-incorreto,FN
42,correto,P-incorreto,FN
42,correto,P-incorreto,FN
42,correto,P-incorreto,FN
42,correto,P-incorreto,FN
42,correto,P-incorreto,FN
42,correto,P-incorreto,FN
42,correto,P-incorreto,FN
42,correto,P-incorreto,FN
42,correto,P-incorreto,FN
42,correto,P-incorreto,FN
42,correto,P-incorreto,FN
42,correto,P-incorreto,FN
42,correto,P-incorreto,FN
53,incorreto,P-incorreto,VP
42,correto,P-incorreto,FN
42,correto,P-incorreto,FN
42,correto,P-incorreto,FN
42,correto,P-incorreto,FN
42,correto,P-incorreto,FN
42,correto,P-incorreto,FN
42,correto,P-incorreto,FN
42,correto,P-incorreto,FN
42,correto,P-incorreto,FN
42,correto,P-incorreto,FN
42,correto,P-incorreto,FN
42,correto,P-incorreto,FN
42,correto,P-incorreto,FN
42,correto,P-incorreto,FN
42,correto,P-incorreto,FN
42,correto,P-incorreto,FN
42,correto,P-incorreto,FN
42,correto,P-incorreto,FN
42,correto,P-incorreto,FN
42,correto,P-incorreto,FN
42,correto,P-incorreto,FN
42,correto,P-incorreto,FN
42,correto,P-incorreto,FN
46,incorreto,P-incorreto,VP
42,correto,P-incorreto,FN
42,correto,P-incorreto,FN
42,correto,P-incorreto,FN
42,correto,P-incorreto,FN
42,correto,P-incorreto,FN
42,correto,P-incorreto,FN
42,correto,P-incorreto,FN
42,correto,P-incorreto,FN
42,correto,P-incorreto,FN
42,correto,P-incorreto,FN
42,correto,P-incorreto,FN
42,correto,P-incorreto,FN
42,correto,P-incorreto,FN
42,correto,P-incorreto,FN
42,correto,P-incorreto,FN
42,correto,P-incorreto,FN
42,correto,P-incorreto,FN
42,correto,P-incorreto,FN
42,correto,P-incorreto,FN
42,correto,P-incorreto,FN
42,correto,P-incorreto,FN
42,correto,P-incorreto,FN
38,incorreto,P-incorreto,VP
42,correto,P-incorreto,FN
42,correto,P-incorreto,FN
42,correto,P-incorreto,FN
33,incorreto,P-incorreto,VP
42,correto,P-incorreto,FN
42,correto,P-incorreto,FN
42,correto,P-incorreto,FN
42,correto,P-incorreto,FN
42,correto,P-incorreto,FN
42,correto,P-incorreto,FN
42,correto,P-incorreto,FN
42,correto,P-incorreto,FN
42,correto,P-incorreto,FN
42,correto,P-incorreto,FN
42,correto,P-incorreto,FN
42,correto,P-incorreto,FN
42,correto,P-incorreto,FN
42,correto,P-incorreto,FN
42,correto,P-incorreto,FN
42,correto,P-incorreto,FN
42,correto,P-incorreto,FN
42,correto,P-incorreto,FN
42,correto,P-incorreto,FN
58,incorreto,P-incorreto,VP
33,incorreto,P-incorreto,VP
40,incorreto,P-incorreto,VP
38,incorreto,P-incorreto,VP
42,correto,P-incorreto,FN
42,correto,P-incorreto,FN
42,correto,P-incorreto,FN
42,correto,P-incorreto,FN
42,correto,P-incorreto,FN
42,correto,P-incorreto,FN
35,incorreto,P-incorreto,VP
42,correto,P-incorreto,FN
42,correto,P-incorreto,FN
42,correto,P-incorreto,FN
42,correto,P-incorreto,FN
42,correto,P-incorreto,FN
42,correto,P-incorreto,FN
42,correto,P-incorreto,FN
42,correto,P-incorreto,FN
42,correto,P-incorreto,FN
42,correto,P-incorreto,FN
42,correto,P-incorreto,FN
42,correto,P-incorreto,FN
42,correto,P-incorreto,FN
42,correto,P-incorreto,FN
42,correto,P-incorreto,FN
42,correto,P-incorreto,FN
26,incorreto,P-incorreto,VP
42,correto,P-incorreto,FN
42,correto,P-incorreto,FN
40,incorreto,P-incorreto,VP
42,correto,P-incorreto,FN
42,correto,P-incorreto,FN
42,correto,P-incorreto,FN
42,correto,P-incorreto,FN
42,correto,P-incorreto,FN
42,correto,P-incorreto,FN
42,correto,P-incorreto,FN
42,correto,P-incorreto,FN
30,incorreto,P-incorreto,VP
42,correto,P-incorreto,FN
42,correto,P-incorreto,FN
42,correto,P-incorreto,FN
42,correto,P-incorreto,FN
42,correto,P-incorreto,FN
42,correto,P-incorreto,FN
42,correto,P-incorreto,FN
42,correto,P-incorreto,FN
42,incorreto,P-incorreto,VP
42,correto,P-incorreto,FN
42,correto,P-incorreto,FN
42,correto,P-incorreto,FN
33,incorreto,P-incorreto,VP
42,correto,P-incorreto,FN
42,correto,P-incorreto,FN
42,correto,P-incorreto,FN
42,correto,P-incorreto,FN
42,correto,P-incorreto,FN
42,correto,P-incorreto,FN
42,correto,P-incorreto,FN
42,correto,P-incorreto,FN
42,correto,P-incorreto,FN
42,correto,P-incorreto,FN
42,correto,P-incorreto,FN
42,correto,P-incorreto,FN
42,correto,P-incorreto,FN
42,correto,P-incorreto,FN
42,correto,P-incorreto,FN
42,correto,P-incorreto,FN
42,correto,P-incorreto,FN
42,correto,P-incorreto,FN
42,correto,P-incorreto,FN
42,correto,P-incorreto,FN
46,incorreto,P-incorreto,VP
42,correto,P-incorreto,FN
42,correto,P-incorreto,FN
42,correto,P-incorreto,FN
35,incorreto,P-incorreto,VP
42,correto,P-incorreto,FN
42,correto,P-incorreto,FN
42,correto,P-incorreto,FN
42,correto,P-incorreto,FN
42,correto,P-incorreto,FN
42,correto,P-incorreto,FN
62,incorreto,P-incorreto,VP
42,correto,P-incorreto,FN
42,correto,P-incorreto,FN
42,correto,P-incorreto,FN
42,correto,P-incorreto,FN
42,correto,P-incorreto,FN
42,correto,P-incorreto,FN
42,correto,P-incorreto,FN
42,correto,P-incorreto,FN
42,correto,P-incorreto,FN
42,correto,P-incorreto,FN
42,correto,P-incorreto,FN
42,correto,P-incorreto,FN
42,correto,P-incorreto,FN
42,correto,P-incorreto,FN
42,correto,P-incorreto,FN
42,correto,P-incorreto,FN
42,correto,P-incorreto,FN
42,correto,P-incorreto,FN
42,correto,P-incorreto,FN
42,correto,P-incorreto,FN
42,correto,P-incorreto,FN
42,correto,P-incorreto,FN
42,correto,P-incorreto,FN
42,correto,P-incorreto,FN
42,correto,P-incorreto,FN
42,correto,P-incorreto,FN
42,correto,P-incorreto,FN
42,correto,P-incorreto,FN
42,correto,P-incorreto,FN
42,correto,P-incorreto,FN
42,correto,P-incorreto,FN
42,correto,P-incorreto,FN
42,correto,P-incorreto,FN
42,correto,P-incorreto,FN
42,correto,P-incorreto,FN
42,correto,P-incorreto,FN
42,correto,P-incorreto,FN
42,correto,P-incorreto,FN
42,correto,P-incorreto,FN
42,correto,P-incorreto,FN
42,correto,P-incorreto,FN
42,correto,P-incorreto,FN
42,correto,P-incorreto,FN
42,correto,P-incorreto,FN
42,correto,P-incorreto,FN
42,correto,P-incorreto,FN
42,correto,P-incorreto,FN
42,correto,P-incorreto,FN
42,correto,P-incorreto,FN
42,correto,P-incorreto,FN
42,correto,P-incorreto,FN
42,correto,P-incorreto,FN
42,correto,P-incorreto,FN
42,correto,P-incorreto,FN
42,correto,P-incorreto,FN
42,correto,P-incorreto,FN
42,correto,P-incorreto,FN
42,correto,P-incorreto,FN
42,correto,P-incorreto,FN
42,correto,P-incorreto,FN
42,correto,P-incorreto,FN
42,correto,P-incorreto,FN
42,correto,P-incorreto,FN
42,correto,P-incorreto,FN
42,correto,P-incorreto,FN
42,correto,P-incorreto,FN
42,correto,P-incorreto,FN
42,correto,P-incorreto,FN
42,correto,P-incorreto,FN
42,correto,P-incorreto,FN
42,correto,P-incorreto,FN
25,incorreto,P-incorreto,VP
42,correto,P-incorreto,FN
42,correto,P-incorreto,FN
42,correto,P-incorreto,FN
42,correto,P-incorreto,FN
42,correto,P-incorreto,FN
42,correto,P-incorreto,FN
42,correto,P-incorreto,FN
41,incorreto,P-correto,FP
42,correto,P-incorreto,FN
42,correto,P-incorreto,FN
42,correto,P-incorreto,FN
42,correto,P-incorreto,FN
42,correto,P-incorreto,FN
42,correto,P-incorreto,FN
42,correto,P-incorreto,FN
42,correto,P-incorreto,FN
42,correto,P-incorreto,FN
42,correto,P-incorreto,FN
42,correto,P-incorreto,FN
25,incorreto,P-incorreto,VP
42,correto,P-incorreto,FN
42,correto,P-incorreto,FN
42,correto,P-incorreto,FN
42,correto,P-incorreto,FN
42,correto,P-incorreto,FN
42,correto,P-incorreto,FN
42,correto,P-incorreto,FN
42,correto,P-incorreto,FN
42,correto,P-incorreto,FN
42,correto,P-incorreto,FN
42,correto,P-incorreto,FN
42,correto,P-incorreto,FN
42,correto,P-incorreto,FN
42,correto,P-incorreto,FN
42,correto,P-incorreto,FN
42,correto,P-incorreto,FN
42,correto,P-incorreto,FN
42,correto,P-incorreto,FN
42,correto,P-incorreto,FN
32,incorreto,P-incorreto,VP
23,incorreto,P-incorreto,VP
42,correto,P-incorreto,FN
40,incorreto,P-incorreto,VP
42,correto,P-incorreto,FN
42,correto,P-incorreto,FN
42,correto,P-incorreto,FN
42,correto,P-incorreto,FN
42,correto,P-incorreto,FN
42,correto,P-incorreto,FN
54,incorreto,P-incorreto,VP
32,incorreto,P-incorreto,VP
42,correto,P-incorreto,FN
42,correto,P-incorreto,FN
52,incorreto,P-incorreto,VP
42,correto,P-incorreto,FN
39,incorreto,P-incorreto,VP
42,correto,P-incorreto,FN
42,correto,P-incorreto,FN
42,correto,P-incorreto,FN
42,correto,P-incorreto,FN
31,incorreto,P-incorreto,VP
42,correto,P-incorreto,FN
42,correto,P-incorreto,FN
42,correto,P-incorreto,FN
42,correto,P-incorreto,FN
42,correto,P-incorreto,FN
42,correto,P-incorreto,FN
35,incorreto,P-incorreto,VP
42,correto,P-incorreto,FN
42,correto,P-incorreto,FN
42,correto,P-incorreto,FN
42,correto,P-incorreto,FN
42,correto,P-incorreto,FN
42,correto,P-incorreto,FN
42,correto,P-incorreto,FN
42,correto,P-incorreto,FN
42,correto,P-incorreto,FN
42,correto,P-incorreto,FN
42,correto,P-incorreto,FN
42,correto,P-incorreto,FN
42,correto,P-incorreto,FN
42,correto,P-incorreto,FN
42,correto,P-incorreto,FN
42,correto,P-incorreto,FN
42,correto,P-incorreto,FN
33,incorreto,P-incorreto,VP
42,correto,P-incorreto,FN
42,correto,P-incorreto,FN
42,correto,P-incorreto,FN
42,correto,P-incorreto,FN
42,correto,P-incorreto,FN
42,correto,P-incorreto,FN
42,correto,P-incorreto,FN
42,correto,P-incorreto,FN
42,incorreto,P-incorreto,VP
42,correto,P-incorreto,FN
42,correto,P-incorreto,FN
42,correto,P-incorreto,FN
42,correto,P-incorreto,FN
42,correto,P-incorreto,FN
42,correto,P-incorreto,FN
42,correto,P-incorreto,FN
42,correto,P-incorreto,FN
42,correto,P-incorreto,FN
42,correto,P-incorreto,FN
42,correto,P-incorreto,FN
42,correto,P-incorreto,FN
42,correto,P-incorreto,FN
42,correto,P-incorreto,FN
42,correto,P-incorreto,FN
42,correto,P-incorreto,FN
42,correto,P-incorreto,FN
42,correto,P-incorreto,FN
42,correto,P-incorreto,FN
42,correto,P-incorreto,FN
42,correto,P-incorreto,FN
42,correto,P-incorreto,FN
42,correto,P-incorreto,FN
42,correto,P-incorreto,FN
42,correto,P-incorreto,FN
42,correto,P-incorreto,FN
42,correto,P-incorreto,FN
42,correto,P-incorreto,FN
42,correto,P-incorreto,FN
42,correto,P-incorreto,FN
42,correto,P-incorreto,FN
42,correto,P-incorreto,FN
42,correto,P-incorreto,FN
42,correto,P-incorreto,FN
42,correto,P-incorreto,FN
42,correto,P-incorreto,FN
42,correto,P-incorreto,FN
42,correto,P-incorreto,FN
42,correto,P-incorreto,FN
42,correto,P-incorreto,FN
42,correto,P-incorreto,FN
45,incorreto,P-incorreto,VP
36,incorreto,P-incorreto,VP
42,correto,P-incorreto,FN
42,correto,P-incorreto,FN
42,correto,P-incorreto,FN
42,correto,P-incorreto,FN
42,correto,P-incorreto,FN
51,incorreto,P-incorreto,VP
47,incorreto,P-incorreto,VP
42,correto,P-incorreto,FN
42,correto,P-incorreto,FN
42,correto,P-incorreto,FN
42,correto,P-incorreto,FN
42,correto,P-incorreto,FN
42,correto,P-incorreto,FN
42,correto,P-incorreto,FN
35,incorreto,P-incorreto,VP
42,correto,P-incorreto,FN
42,correto,P-incorreto,FN
43,incorreto,P-correto,FP
42,correto,P-incorreto,FN
38,incorreto,P-incorreto,VP
42,correto,P-incorreto,FN
42,correto,P-incorreto,FN
42,correto,P-incorreto,FN
42,correto,P-incorreto,FN
42,correto,P-incorreto,FN
35,incorreto,P-incorreto,VP
22,incorreto,P-incorreto,VP
42,correto,P-incorreto,FN
42,correto,P-incorreto,FN
42,correto,P-incorreto,FN
42,correto,P-incorreto,FN
42,correto,P-incorreto,FN
21,incorreto,P-incorreto,VP
42,correto,P-incorreto,FN
42,correto,P-incorreto,FN
42,correto,P-incorreto,FN
42,correto,P-incorreto,FN
42,correto,P-incorreto,FN
42,correto,P-incorreto,FN
42,correto,P-incorreto,FN
39,incorreto,P-incorreto,VP
42,correto,P-incorreto,FN
42,correto,P-incorreto,FN
42,correto,P-incorreto,FN
42,correto,P-incorreto,FN
42,correto,P-incorreto,FN
42,correto,P-incorreto,FN
42,correto,P-incorreto,FN
42,correto,P-incorreto,FN
42,correto,P-incorreto,FN
42,correto,P-incorreto,FN
42,correto,P-incorreto,FN
42,correto,P-incorreto,FN
42,correto,P-incorreto,FN
42,correto,P-incorreto,FN
42,correto,P-incorreto,FN
36,incorreto,P-incorreto,VP
42,correto,P-incorreto,FN
42,correto,P-incorreto,FN
42,correto,P-incorreto,FN
42,correto,P-incorreto,FN
42,correto,P-incorreto,FN
45,incorreto,P-incorreto,VP
42,correto,P-incorreto,FN
42,correto,P-incorreto,FN
42,correto,P-incorreto,FN
42,correto,P-incorreto,FN
42,correto,P-incorreto,FN
42,correto,P-incorreto,FN
42,correto,P-incorreto,FN
42,correto,P-incorreto,FN
42,correto,P-incorreto,FN
30,incorreto,P-incorreto,VP
42,correto,P-incorreto,FN
42,correto,P-incorreto,FN
42,correto,P-incorreto,FN
42,correto,P-incorreto,FN
42,correto,P-incorreto,FN
33,incorreto,P-incorreto,VP
42,correto,P-incorreto,FN
32,incorreto,P-incorreto,VP
42,correto,P-incorreto,FN
42,correto,P-incorreto,FN
42,correto,P-incorreto,FN
42,correto,P-incorreto,FN
42,correto,P-incorreto,FN
42,correto,P-incorreto,FN
42,correto,P-incorreto,FN
42,correto,P-incorreto,FN
42,correto,P-incorreto,FN
42,correto,P-incorreto,FN
42,correto,P-incorreto,FN
42,correto,P-incorreto,FN
42,correto,P-incorreto,FN
42,correto,P-incorreto,FN
42,correto,P-incorreto,FN
42,correto,P-incorreto,FN
42,correto,P-incorreto,FN
42,correto,P-incorreto,FN
42,correto,P-incorreto,FN
42,correto,P-incorreto,FN
42,correto,P-incorreto,FN
42,correto,P-incorreto,FN
42,correto,P-incorreto,FN
42,correto,P-incorreto,FN
52,incorreto,P-incorreto,VP
42,correto,P-incorreto,FN
42,correto,P-incorreto,FN
42,correto,P-incorreto,FN
42,correto,P-incorreto,FN
42,correto,P-incorreto,FN
42,correto,P-incorreto,FN
42,correto,P-incorreto,FN
42,correto,P-incorreto,FN
42,correto,P-incorreto,FN
42,correto,P-incorreto,FN
42,correto,P-incorreto,FN
42,correto,P-incorreto,FN
42,correto,P-incorreto,FN
42,correto,P-incorreto,FN
42,correto,P-incorreto,FN
42,correto,P-incorreto,FN
42,correto,P-incorreto,FN
42,correto,P-incorreto,FN
42,correto,P-incorreto,FN
42,correto,P-incorreto,FN
42,correto,P-incorreto,FN
42,correto,P-incorreto,FN
42,correto,P-incorreto,FN
42,correto,P-incorreto,FN
42,correto,P-incorreto,FN
42,correto,P-incorreto,FN
42,correto,P-incorreto,FN
42,correto,P-incorreto,FN
49,incorreto,P-incorreto,VP
42,correto,P-incorreto,FN
42,correto,P-incorreto,FN
42,correto,P-incorreto,FN
42,correto,P-incorreto,FN
42,correto,P-incorreto,FN
42,correto,P-incorreto,FN
42,correto,P-incorreto,FN
42,correto,P-incorreto,FN
42,correto,P-incorreto,FN
42,correto,P-incorreto,FN
42,correto,P-incorreto,FN
56,incorreto,P-incorreto,VP
42,correto,P-incorreto,FN
42,correto,P-incorreto,FN
42,correto,P-incorreto,FN
42,correto,P-incorreto,FN
42,correto,P-incorreto,FN
42,correto,P-incorreto,FN
42,correto,P-incorreto,FN
42,correto,P-incorreto,FN
42,correto,P-incorreto,FN
42,correto,P-incorreto,FN
48,incorreto,P-incorreto,VP
21,incorreto,P-incorreto,VP
42,correto,P-incorreto,FN
42,correto,P-incorreto,FN
42,correto,P-incorreto,FN
42,correto,P-incorreto,FN
42,correto,P-incorreto,FN
42,correto,P-incorreto,FN
42,correto,P-incorreto,FN
42,correto,P-incorreto,FN
42,correto,P-incorreto,FN
42,correto,P-incorreto,FN
33,incorreto,P-incorreto,VP
42,correto,P-incorreto,FN
42,correto,P-incorreto,FN
42,correto,P-incorreto,FN
42,correto,P-incorreto,FN
42,correto,P-incorreto,FN
42,correto,P-incorreto,FN
42,correto,P-incorreto,FN
42,correto,P-incorreto,FN
42,correto,P-incorreto,FN
42,correto,P-incorreto,FN
42,correto,P-incorreto,FN
42,correto,P-incorreto,FN
42,correto,P-incorreto,FN
42,correto,P-incorreto,FN
42,correto,P-incorreto,FN
42,correto,P-incorreto,FN
42,correto,P-incorreto,FN
42,correto,P-incorreto,FN
42,correto,P-incorreto,FN
42,correto,P-incorreto,FN
42,correto,P-incorreto,FN
42,correto,P-incorreto,FN
42,correto,P-incorreto,FN
42,correto,P-incorreto,FN
42,correto,P-incorreto,FN
42,correto,P-incorreto,FN
42,correto,P-incorreto,FN
42,correto,P-incorreto,FN
42,correto,P-incorreto,FN
42,correto,P-incorreto,FN
42,correto,P-incorreto,FN
42,correto,P-incorreto,FN
42,correto,P-incorreto,FN
42,correto,P-incorreto,FN
42,correto,P-incorreto,FN
42,correto,P-incorreto,FN
42,correto,P-incorreto,FN
42,correto,P-incorreto,FN
42,correto,P-incorreto,FN
42,correto,P-incorreto,FN
42,correto,P-incorreto,FN
42,correto,P-incorreto,FN
42,correto,P-incorreto,FN
41,incorreto,P-correto,FP
42,correto,P-incorreto,FN
42,correto,P-incorreto,FN
42,correto,P-incorreto,FN
42,correto,P-incorreto,FN
42,correto,P-incorreto,FN
42,correto,P-incorreto,FN
42,correto,P-incorreto,FN
42,correto,P-incorreto,FN
42,correto,P-incorreto,FN
42,correto,P-incorreto,FN
42,correto,P-incorreto,FN
42,correto,P-incorreto,FN
42,correto,P-incorreto,FN
42,correto,P-incorreto,FN
49,incorreto,P-incorreto,VP
42,correto,P-incorreto,FN
42,correto,P-incorreto,FN
42,correto,P-incorreto,FN
42,correto,P-incorreto,FN
42,correto,P-incorreto,FN
42,correto,P-incorreto,FN
42,correto,P-incorreto,FN
42,correto,P-incorreto,FN
49,incorreto,P-incorreto,VP
42,correto,P-incorreto,FN
42,correto,P-incorreto,FN
42,correto,P-incorreto,FN
42,correto,P-incorreto,FN
42,correto,P-incorreto,FN
42,correto,P-incorreto,FN
42,correto,P-incorreto,FN
42,correto,P-incorreto,FN
42,correto,P-incorreto,FN
42,correto,P-incorreto,FN
42,correto,P-incorreto,FN
42,correto,P-incorreto,FN
42,correto,P-incorreto,FN
42,correto,P-incorreto,FN
42,correto,P-incorreto,FN
42,correto,P-incorreto,FN
